#REFERENCE 3 342.1832200 -44.5308890
81    0.00    0.00  30.70  17.73 -35.242    0.50  87.161 1000.000 1207.2 0.347   0.00 1 0
81  -83.28   44.97  44.80   7.25 -17.038    0.95  35.630 500.000  352.8 0.347   0.00 2 1
14    0.00    0.00    inf 179769313486231570814527423731704356798070567525844996598917476803157260780028538760589558632766878171540458953514382464234321326889464182768467546703537516986049910576551282076245490090389328944075868508455133942304583236903222948165808559332123348274797826204144723168738177180919299881250404026184124858368.00  48.002    0.12   0.000   0.000    0.0 0.347   0.00 3 2
81    0.01    0.04  45.52  34.47 -35.000    0.27   0.508 169.485  266.1 0.347  17.04 4 3
81  -84.70   45.06   3.22   2.86  51.600    0.12   0.285  14.038  237.2 0.347  18.30 5 4
81   79.74   33.18   2.81   2.73  38.850    0.03   0.272  13.411  231.9 0.347  18.39 6 5
81  -59.16   67.78   3.23   2.64 -29.980    0.20   0.263  12.959  227.9 0.347  18.47 7 6
81   84.11  -68.19   2.46   2.39 -37.950    0.03   0.239  11.773  217.2 0.347  18.68 8 7
81   -7.09  120.12   2.50   2.27 -66.380    0.10   0.226  11.137  211.3 0.347  18.80 9 8
81  -56.40   49.45   9.80   2.14  47.330    0.91   0.213  10.516  205.3 0.347  18.92 10 9
81   17.57   70.14   3.44   2.02   1.670    0.49   0.202   9.936  199.6 0.347  19.05 11 10
81 -103.06   34.47   3.96   1.99 -82.020    0.60   0.198   9.761  197.8 0.347  19.09 12 11
81   15.88  -21.80   2.05   1.97 -37.820    0.04   0.196   9.665  196.8 0.347  19.11 13 12
81   -0.79    2.92   2.26   1.95 -81.580    0.15   0.194   9.587  196.0 0.347  19.12 14 13
81  -31.58   17.59   1.94   1.75 -89.760    0.10   0.174   8.602  185.7 0.347  19.36 15 14
81  -48.20  -33.77   2.10   1.73 -33.560    0.19   0.173   8.523  184.8 0.347  19.38 16 15
81  -50.88   57.39   2.89   1.70  30.200    0.49   0.169   8.343  182.9 0.347  19.43 17 16
81  -82.11   44.41   2.25   1.69 -28.400    0.28   0.169   8.327  182.7 0.347  19.43 18 17
81  113.19  -18.64   4.34   1.64  -6.150    0.75   0.164   8.072  179.9 0.347  19.50 19 18
81  -95.07   46.93   3.75   1.63 -40.780    0.68   0.162   7.996  179.0 0.347  19.52 20 19
81   94.75   -0.24   4.43   1.62  37.130    0.76   0.162   7.979  178.8 0.347  19.52 21 20
81  -95.87   17.90   1.94   1.60  13.290    0.19   0.159   7.851  177.4 0.347  19.56 22 21
81  -83.28   44.97   2.79   1.58  47.450    0.51   0.158   7.781  176.6 0.347  19.58 23 22
81   20.75   73.24   1.89   1.58  56.520    0.18   0.158   7.775  176.5 0.347  19.58 24 23
81   -2.66   10.20   2.78   1.57  -9.200    0.52   0.156   7.703  175.7 0.347  19.60 25 24
81 -114.87  -15.65   3.64   1.56 -13.040    0.69   0.156   7.691  175.6 0.347  19.60 26 25
81  -72.60   19.03   2.50   1.56  44.930    0.44   0.155   7.662  175.3 0.347  19.61 27 26
81   -5.67   44.11   3.04   1.52  53.300    0.60   0.152   7.491  173.3 0.347  19.66 28 27
81  -97.87   39.34   1.74   1.48  -0.100    0.16   0.147   7.269  170.7 0.347  19.73 29 28
81   21.56  109.77   1.65   1.40 -15.690    0.16   0.140   6.883  166.1 0.347  19.84 30 29
81   28.10 -114.50   1.67   1.38  33.850    0.19   0.138   6.792  165.0 0.347  19.87 31 30
81    0.73    1.55   2.57   1.38 -15.680    0.55   0.138   6.790  165.0 0.347  19.87 32 31
81   40.83   60.95   3.34   1.35 -56.070    0.72   0.135   6.656  163.4 0.347  19.92 33 32
81  -25.88   47.02   2.39   1.35 -33.680    0.52   0.135   6.637  163.1 0.347  19.92 34 33
81  -78.76   37.05   1.65   1.35 -74.060    0.20   0.134   6.621  162.9 0.347  19.93 35 34
81   70.55  -54.08   1.48   1.32  87.990    0.11   0.132   6.488  161.3 0.347  19.97 36 35
81    7.50  108.92   1.87   1.32  69.820    0.34   0.131   6.468  161.0 0.347  19.98 37 36
81    7.70   62.62   2.19   1.29 -22.410    0.48   0.129   6.358  159.7 0.347  20.02 38 37
81   16.11  -11.60   1.42   1.28 -22.020    0.11   0.127   6.280  158.7 0.347  20.04 39 38
81  -20.44  -93.16   1.93   1.27  58.190    0.40   0.126   6.222  157.9 0.347  20.06 40 39
81   19.93  -16.18   2.15   1.26 -83.610    0.49   0.126   6.211  157.8 0.347  20.07 41 40
81   53.48   63.09   1.60   1.24  36.360    0.25   0.124   6.095  156.3 0.347  20.11 42 41
81  -12.64    4.19   1.59   1.24  47.380    0.24   0.124   6.092  156.3 0.347  20.11 43 42
81   73.35  -30.41   1.62   1.22 -50.530    0.27   0.122   6.016  155.3 0.347  20.14 44 43
81  -12.63   17.73   2.25   1.22  60.040    0.55   0.122   6.007  155.2 0.347  20.14 45 44
81    8.06 -131.17   1.87   1.22 -38.630    0.41   0.121   5.976  154.8 0.347  20.15 46 45
81    1.21   -1.71   1.30   1.19 -27.730    0.09   0.119   5.861  153.3 0.347  20.19 47 46
81   54.76    3.30   2.51   1.18  30.760    0.64   0.118   5.817  152.7 0.347  20.21 48 47
81 -105.26  -11.72   1.52   1.18 -83.630    0.25   0.118   5.799  152.5 0.347  20.22 49 48
81  -38.75  -62.87   1.79   1.13  30.370    0.43   0.113   5.557  149.3 0.347  20.31 50 49
81   53.27   63.66   1.87   1.12 -33.040    0.47   0.112   5.531  148.9 0.347  20.32 51 50
81   -2.97  -19.10   1.93   1.12  -2.790    0.49   0.112   5.528  148.9 0.347  20.32 52 51
81   55.90  -89.92   2.34   1.12  31.570    0.62   0.112   5.525  148.8 0.347  20.32 53 52
81 -104.68   53.22   1.37   1.12  36.950    0.20   0.112   5.504  148.5 0.347  20.33 54 53
81   10.75   -6.80   1.30   1.10  67.340    0.16   0.110   5.427  147.5 0.347  20.36 55 54
81    4.82   40.26   2.31   1.08  54.070    0.64   0.108   5.322  146.1 0.347  20.40 56 55
81  -83.32  -57.99   1.57   1.07 -12.030    0.36   0.107   5.260  145.2 0.347  20.43 57 56
81    3.84   68.79   1.22   1.06  -2.310    0.14   0.106   5.213  144.6 0.347  20.45 58 57
81  -15.27    4.87   1.33   1.04  -3.850    0.24   0.104   5.128  143.4 0.347  20.48 59 58
81  -14.68  -34.19   1.90   1.04  19.250    0.54   0.104   5.124  143.3 0.347  20.48 60 59
81  -82.95   40.92   1.27   1.04 -33.230    0.20   0.103   5.096  142.9 0.347  20.50 61 60
81   66.87   -6.42   1.62   1.02 -61.570    0.43   0.102   5.016  141.8 0.347  20.53 62 61
81  -71.92  -11.61   1.70   1.01  68.200    0.48   0.101   4.967  141.1 0.347  20.55 63 62
81  -25.90   16.02   1.38   1.01 -77.290    0.30   0.101   4.967  141.1 0.347  20.55 64 63
81  -50.13   39.83   1.13   1.01  44.190    0.12   0.100   4.950  140.9 0.347  20.56 65 64
81  -43.85   20.44   2.04   1.00 -79.910    0.62   0.099   4.901  140.2 0.347  20.58 66 65
81  -36.09   27.41   1.24   0.99  14.650    0.22   0.099   4.885  139.9 0.347  20.59 67 66
81  -64.90   18.94   1.50   0.97 -75.450    0.41   0.097   4.762  138.2 0.347  20.64 68 67
81   -6.57  -13.27   1.66   0.96 -55.610    0.50   0.095   4.706  137.4 0.347  20.67 69 68
81  -55.03   33.08   1.33   0.95 -80.370    0.32   0.095   4.693  137.2 0.347  20.68 70 69
81  -19.25  104.95   1.69   0.95  11.320    0.52   0.095   4.692  137.2 0.347  20.68 71 70
81   -2.17   14.24   1.36   0.95 -36.150    0.34   0.095   4.681  137.0 0.347  20.68 72 71
81   60.30   26.50   1.53   0.94 -65.430    0.45   0.094   4.632  136.3 0.347  20.70 73 72
81   34.32  -16.75   1.87   0.94  81.510    0.60   0.094   4.619  136.1 0.347  20.71 74 73
81  -53.85   20.31   2.10   0.93   1.970    0.67   0.093   4.593  135.7 0.347  20.72 75 74
81  106.15   17.91   1.98   0.93 -27.930    0.64   0.093   4.592  135.7 0.347  20.72 76 75
81   88.06   27.47   1.10   0.93  43.140    0.17   0.092   4.550  135.1 0.347  20.74 77 76
81   29.42  -34.77   1.49   0.92  83.080    0.44   0.092   4.548  135.0 0.347  20.74 78 77
81  -16.14  -37.42   1.27   0.91  35.600    0.32   0.091   4.496  134.3 0.347  20.77 79 78
81   -9.16   11.02   1.06   0.90 -33.990    0.16   0.089   4.412  133.0 0.347  20.81 80 79
81  -49.68 -100.54   0.94   0.90  15.580    0.05   0.089   4.402  132.8 0.347  20.81 81 80
81   20.84  -99.94   0.99   0.88 -75.340    0.11   0.088   4.340  131.9 0.347  20.84 82 81
81   89.96  -26.68   1.94   0.88  34.370    0.66   0.087   4.310  131.4 0.347  20.86 83 82
81  -11.95  -90.84   1.11   0.87 -17.900    0.23   0.087   4.294  131.2 0.347  20.87 84 83
81  -41.52  -52.39   1.23   0.87  15.120    0.33   0.087   4.292  131.2 0.347  20.87 85 84
81   17.09   80.87   1.66   0.87  30.120    0.57   0.087   4.277  130.9 0.347  20.88 86 85
81   41.23  -13.67   2.65   0.87  47.530    0.81   0.087   4.266  130.8 0.347  20.88 87 86
81   17.36   -9.97   1.24   0.86  28.360    0.36   0.085   4.215  130.0 0.347  20.91 88 87
81  107.24  -41.77   1.00   0.85  59.960    0.16   0.085   4.188  129.6 0.347  20.92 89 88
81   93.56    6.26   1.26   0.84  28.510    0.38   0.084   4.154  129.1 0.347  20.94 90 89
81  -32.32   52.70   0.98   0.84  30.850    0.15   0.084   4.152  129.0 0.347  20.94 91 90
81   87.70  -89.41   0.97   0.84 -33.650    0.14   0.084   4.135  128.8 0.347  20.95 92 91
81   16.05  -81.96   1.89   0.83  23.200    0.68   0.083   4.096  128.1 0.347  20.97 93 92
81   -3.26  -44.27   0.86   0.81  44.220    0.06   0.081   3.995  126.6 0.347  21.02 94 93
81   13.56   -5.40   1.01   0.80  -4.650    0.22   0.080   3.949  125.8 0.347  21.05 95 94
81    7.63 -121.98   1.47   0.80  75.770    0.54   0.080   3.946  125.8 0.347  21.05 96 95
81  -64.55  -59.33   1.10   0.80  68.810    0.31   0.080   3.925  125.4 0.347  21.06 97 96
81   87.34   12.55   1.16   0.80 -89.070    0.36   0.079   3.911  125.2 0.347  21.07 98 97
81   -8.82   30.27   1.32   0.79  71.180    0.47   0.079   3.894  124.9 0.347  21.08 99 98
81   -9.53  -16.13   0.88   0.79   8.950    0.11   0.079   3.881  124.7 0.347  21.09 100 99
81   18.51  -18.98   1.67   0.79  27.950    0.64   0.078   3.860  124.4 0.347  21.10 101 100
81  -82.89   52.85   0.84   0.78  15.730    0.07   0.078   3.857  124.4 0.347  21.10 102 101
81  -38.85  -64.37   1.01   0.77 -70.840    0.27   0.076   3.768  122.9 0.347  21.15 103 102
81   -6.17   -1.26   1.05   0.76  27.360    0.30   0.076   3.753  122.7 0.347  21.16 104 103
81   82.10  -13.57   1.08   0.75  81.770    0.35   0.075   3.694  121.7 0.347  21.20 105 104
81  103.86   -1.46   1.34   0.75 -36.460    0.52   0.075   3.692  121.7 0.347  21.20 106 105
81   -8.83  -35.53   0.82   0.75  24.890    0.09   0.075   3.675  121.4 0.347  21.21 107 106
81   -6.36    1.35   1.00   0.75  11.260    0.28   0.075   3.674  121.4 0.347  21.21 108 107
81    9.24   28.21   1.22   0.73  12.700    0.47   0.073   3.609  120.3 0.347  21.25 109 108
81   55.43  -46.26   1.05   0.73 -79.370    0.34   0.073   3.607  120.3 0.347  21.25 110 109
81   13.53   24.57   1.41   0.72  28.360    0.58   0.072   3.563  119.5 0.347  21.27 111 110
81   16.34  -23.90   0.79   0.72 -60.410    0.09   0.072   3.549  119.3 0.347  21.28 112 111
81  -20.88  -12.40   0.83   0.72  46.240    0.14   0.072   3.547  119.2 0.347  21.28 113 112
81  -66.33   48.92   1.29   0.72  21.970    0.53   0.071   3.521  118.8 0.347  21.30 114 113
81   48.04  100.07   0.82   0.72  59.500    0.14   0.071   3.520  118.8 0.347  21.30 115 114
81  -52.70  -40.95   1.02   0.71  68.540    0.35   0.071   3.494  118.3 0.347  21.32 116 115
81   21.31  -11.68   1.04   0.68  15.730    0.40   0.068   3.344  115.8 0.347  21.41 117 116
81   24.48   -6.77   1.38   0.68 -65.570    0.61   0.068   3.342  115.8 0.347  21.41 118 117
81    9.85   10.73   1.35   0.66  15.640    0.61   0.066   3.242  114.0 0.347  21.48 119 118
81  -86.27  -24.97   1.30   0.65 -32.400    0.60   0.065   3.194  113.1 0.347  21.51 120 119
81   17.40   -9.35   0.77   0.65   3.860    0.17   0.065   3.189  113.1 0.347  21.52 121 120
81   42.65  -14.14   0.88   0.65  24.270    0.30   0.065   3.184  113.0 0.347  21.52 122 121
81  -62.04   42.55   0.68   0.64  35.690    0.05   0.064   3.166  112.7 0.347  21.53 123 122
81  100.29  -61.04   1.08   0.63  24.450    0.49   0.063   3.117  111.8 0.347  21.56 124 123
81  -24.92  -25.28   0.93   0.63  -5.230    0.37   0.063   3.113  111.7 0.347  21.57 125 124
81   -6.18  -55.47   0.72   0.63  12.870    0.13   0.063   3.111  111.7 0.347  21.57 126 125
81    3.02  -34.03   0.75   0.63  52.520    0.17   0.063   3.091  111.3 0.347  21.58 127 126
81 -105.99   30.99   1.63   0.62  21.450    0.75   0.062   3.053  110.6 0.347  21.61 128 127
81   85.69  -24.48   0.65   0.61 -37.560    0.07   0.060   2.977  109.3 0.347  21.66 129 128
81    0.39   -7.94   0.91   0.60  79.640    0.39   0.060   2.961  108.9 0.347  21.68 130 129
81   39.00  -72.79   0.66   0.59 -27.270    0.11   0.059   2.920  108.2 0.347  21.71 131 130
81  -70.46  -35.22   0.77   0.59  87.970    0.27   0.058   2.877  107.4 0.347  21.74 132 131
81  -34.34  -32.69   0.61   0.58  86.480    0.05   0.057   2.833  106.6 0.347  21.77 133 132
81  -24.62   57.34   1.13   0.57  26.000    0.59   0.057   2.806  106.1 0.347  21.79 134 133
81  -76.72   22.27   0.59   0.56  -7.580    0.06   0.056   2.756  105.1 0.347  21.83 135 134
81  -21.44   -8.87   0.59   0.56  60.310    0.07   0.055   2.729  104.6 0.347  21.85 136 135
81  -43.35   53.23   0.88   0.55  61.880    0.43   0.055   2.720  104.4 0.347  21.86 137 136
81   -2.76   20.30   0.86   0.55  25.500    0.42   0.055   2.720  104.4 0.347  21.86 138 137
81  -28.36  -58.51   0.89   0.55  14.220    0.45   0.055   2.697  104.0 0.347  21.88 139 138
81   11.07   22.22   0.56   0.55  17.860    0.01   0.055   2.691  103.9 0.347  21.88 140 139
81   -3.38    5.69   0.60   0.54 -63.160    0.10   0.054   2.652  103.1 0.347  21.91 141 140
81  -72.56   33.67   0.62   0.54   8.100    0.14   0.054   2.644  103.0 0.347  21.92 142 141
81   -6.16   67.33   0.60   0.53 -10.290    0.12   0.053   2.620  102.5 0.347  21.94 143 142
81  -37.48  -99.97   0.73   0.53  51.550    0.30   0.053   2.605  102.2 0.347  21.95 144 143
81    1.72   14.44   0.60   0.53  68.430    0.12   0.053   2.605  102.2 0.347  21.95 145 144
81  -24.54  -85.03   0.73   0.52 -18.650    0.32   0.052   2.571  101.5 0.347  21.98 146 145
81  -14.88   22.30   0.54   0.52 -32.370    0.04   0.052   2.551  101.1 0.347  22.00 147 146
81  -60.80  -70.34   0.54   0.52   0.990    0.04   0.052   2.541  100.9 0.347  22.01 148 147
81   85.67   50.41   0.96   0.51  46.850    0.55   0.051   2.527  100.7 0.347  22.02 149 148
81   -3.08   47.65   0.93   0.51  53.320    0.54   0.051   2.526  100.6 0.347  22.02 150 149
81    6.44 -128.24   0.79   0.51  -8.860    0.42   0.051   2.506  100.2 0.347  22.04 151 150
81  -98.64   55.04   0.61   0.51  36.680    0.17   0.051   2.506  100.2 0.347  22.04 152 151
81  -15.70  -21.70   0.62   0.51 -61.950    0.19   0.051   2.506  100.2 0.347  22.04 153 152
81  -46.62   36.42   0.62   0.50  19.370    0.21   0.050   2.469   99.5 0.347  22.07 154 153
81  -30.08  -54.87   0.76   0.50  -2.690    0.40   0.050   2.465   99.4 0.347  22.07 155 154
81   58.47  -28.98   0.99   0.50  64.950    0.59   0.050   2.454   99.2 0.347  22.08 156 155
81  -74.46   38.52   0.56   0.48  28.000    0.14   0.048   2.379   97.7 0.347  22.15 157 156
81   24.14   22.71   0.49   0.48  23.130    0.02   0.048   2.353   97.1 0.347  22.17 158 157
81   62.10   -3.27   1.43   0.48 -48.460    0.80   0.048   2.352   97.1 0.347  22.18 159 158
81   24.73 -125.74   0.56   0.48 -31.200    0.15   0.048   2.343   96.9 0.347  22.18 160 159
81   42.16  -33.51   1.62   0.48   2.330    0.84   0.047   2.338   96.8 0.347  22.19 161 160
81   22.40    6.79   0.58   0.47  48.500    0.20   0.047   2.335   96.7 0.347  22.19 162 161
81  -82.19   51.71   0.52   0.47 -10.800    0.10   0.047   2.310   96.2 0.347  22.21 163 162
81   57.04  -90.97   0.51   0.47 -81.380    0.08   0.047   2.302   96.1 0.347  22.22 164 163
81  -22.19    4.44   0.51   0.47   8.540    0.09   0.047   2.297   96.0 0.347  22.23 165 164
81   -2.50   38.14   0.71   0.47  51.350    0.40   0.047   2.296   95.9 0.347  22.23 166 165
81   78.93   88.83   0.67   0.47  41.210    0.34   0.046   2.290   95.8 0.347  22.23 167 166
81   72.09  -47.79   0.65   0.46  89.090    0.32   0.046   2.285   95.7 0.347  22.24 168 167
81   67.27 -101.28   0.49   0.46  63.080    0.06   0.046   2.271   95.4 0.347  22.25 169 168
81   11.78  -56.38   0.50   0.46 -85.960    0.09   0.046   2.258   95.1 0.347  22.26 170 169
81   80.62  -51.46   0.51   0.46  -1.460    0.10   0.046   2.255   95.1 0.347  22.27 171 170
81   38.45  -20.38   0.49   0.46  63.580    0.07   0.046   2.249   94.9 0.347  22.27 172 171
81    5.73  -66.39   0.60   0.45  57.400    0.28   0.045   2.225   94.5 0.347  22.30 173 172
81  -49.40   66.26   0.50   0.45 -50.140    0.10   0.045   2.215   94.2 0.347  22.31 174 173
81   -8.77   -0.71   0.63   0.45  81.990    0.32   0.045   2.214   94.2 0.347  22.31 175 174
81   22.55  -55.21   0.98   0.45  -4.450    0.66   0.045   2.200   93.9 0.347  22.32 176 175
81    5.71 -130.57   0.52   0.45   6.090    0.16   0.045   2.198   93.9 0.347  22.32 177 176
81   78.18  -84.39   0.58   0.45  39.490    0.25   0.044   2.190   93.7 0.347  22.33 178 177
81  -54.54    7.09   0.52   0.44 -15.570    0.16   0.044   2.176   93.4 0.347  22.34 179 178
81  -14.15  -48.69   0.53   0.44 -68.670    0.18   0.044   2.163   93.1 0.347  22.36 180 179
81  -55.06  -17.37   0.49   0.44 -52.070    0.10   0.044   2.162   93.1 0.347  22.36 181 180
81    5.47    6.07   0.68   0.44  73.280    0.42   0.044   2.152   92.9 0.347  22.37 182 181
81  -26.88   44.52   0.50   0.43  61.580    0.14   0.043   2.138   92.6 0.347  22.38 183 182
81   44.58   10.75   0.55   0.43 -14.120    0.24   0.043   2.130   92.4 0.347  22.39 184 183
81   -9.33  -10.83   0.48   0.43 -71.010    0.10   0.043   2.127   92.3 0.347  22.39 185 184
81   52.59  -26.18   0.63   0.43  23.700    0.36   0.043   2.107   91.9 0.347  22.41 186 185
81  115.63    1.29   0.59   0.42  77.290    0.33   0.042   2.075   91.2 0.347  22.45 187 186
81   29.84  -31.04   0.79   0.42 -37.980    0.55   0.042   2.072   91.1 0.347  22.45 188 187
81   -0.91  111.68   0.46   0.42  54.220    0.10   0.042   2.053   90.7 0.347  22.47 189 188
81  -77.36   40.58   0.56   0.42 -47.760    0.28   0.042   2.052   90.7 0.347  22.47 190 189
81  -67.59   43.28   0.45   0.42 -54.770    0.08   0.042   2.050   90.7 0.347  22.47 191 190
81   17.85   65.46   0.52   0.42 -44.930    0.22   0.041   2.044   90.5 0.347  22.48 192 191
81  -51.64  -51.88   0.80   0.41  29.250    0.58   0.041   2.038   90.4 0.347  22.49 193 192
81  -66.53   62.44   0.53   0.41  -3.900    0.24   0.041   2.034   90.3 0.347  22.49 194 193
81  123.94  -80.98   0.75   0.41  61.910    0.54   0.041   2.024   90.1 0.347  22.50 195 194
81   -6.41   17.55   0.54   0.41   4.450    0.27   0.041   2.019   90.0 0.347  22.51 196 195
81  -12.56   -6.91   0.42   0.41   4.170    0.03   0.041   2.014   89.9 0.347  22.51 197 196
81  -43.53   13.18   0.68   0.41 -56.380    0.47   0.041   2.011   89.8 0.347  22.52 198 197
81  -44.63  -81.64   1.53   0.41 -70.660    0.87   0.040   1.995   89.4 0.347  22.53 199 198
81  -53.67  -22.22   0.44   0.40 -58.730    0.08   0.040   1.975   89.0 0.347  22.55 200 199
81   40.27 -103.64   1.29   0.40  22.210    0.82   0.040   1.972   88.9 0.347  22.56 201 200
81    8.96   62.00   0.43   0.40 -77.120    0.07   0.039   1.945   88.3 0.347  22.59 202 201
81   49.98    9.25   0.89   0.39  59.880    0.68   0.039   1.926   87.9 0.347  22.61 203 202
81   -5.97   -8.30   0.42   0.39  26.950    0.07   0.039   1.915   87.6 0.347  22.62 204 203
81    0.02  -46.61   0.67   0.39 -50.950    0.50   0.039   1.903   87.3 0.347  22.64 205 204
81  -14.88   41.94   0.85   0.39  -0.550    0.66   0.039   1.899   87.2 0.347  22.64 206 205
81  -31.38   -5.68   0.43   0.38  58.260    0.12   0.038   1.875   86.7 0.347  22.67 207 206
81  -38.51   12.49   0.42   0.38 -14.610    0.09   0.038   1.873   86.7 0.347  22.67 208 207
81   99.72   35.89   0.46   0.38  40.740    0.20   0.038   1.864   86.4 0.347  22.68 209 208
81  100.66  -37.09   0.66   0.37 -40.300    0.51   0.037   1.840   85.9 0.347  22.71 210 209
81  -55.63  -94.08   0.39   0.37  20.190    0.06   0.037   1.809   85.2 0.347  22.75 211 210
81   -5.46   64.95   0.40   0.37  53.450    0.08   0.036   1.796   84.9 0.347  22.76 212 211
81   84.81  -45.86   0.43   0.36  -3.870    0.16   0.036   1.793   84.8 0.347  22.77 213 212
81  -88.45  -35.35   0.57   0.36 -31.820    0.43   0.036   1.789   84.7 0.347  22.77 214 213
81  -47.57 -116.64   0.54   0.36 -86.550    0.37   0.036   1.787   84.6 0.347  22.77 215 214
81   93.48  -70.29   0.41   0.36 -65.270    0.13   0.036   1.785   84.6 0.347  22.77 216 215
81   28.39  -60.09   0.92   0.36  -3.680    0.73   0.036   1.783   84.6 0.347  22.78 217 216
81    7.33   65.75   0.47   0.36  65.030    0.27   0.036   1.762   84.1 0.347  22.80 218 217
81  -17.48   24.36   0.38   0.36 -53.580    0.06   0.036   1.753   83.8 0.347  22.81 219 218
81   64.06  -42.82   0.38   0.35 -51.490    0.09   0.035   1.734   83.4 0.347  22.84 220 219
81  -83.25  -35.74   0.42   0.35 -13.790    0.17   0.035   1.733   83.4 0.347  22.84 221 220
81  -81.35   40.41   0.40   0.35  52.850    0.13   0.035   1.730   83.3 0.347  22.84 222 221
81    4.37  107.23   0.75   0.35  88.130    0.64   0.035   1.720   83.0 0.347  22.86 223 222
81  -14.25  -25.28   0.45   0.35 -11.890    0.24   0.035   1.718   83.0 0.347  22.86 224 223
81   43.13   13.14   0.39   0.34  88.810    0.12   0.034   1.694   82.4 0.347  22.89 225 224
81  -27.90   57.42   0.46   0.34 -14.790    0.31   0.034   1.653   81.4 0.347  22.94 226 225
81   18.82   53.96   0.38   0.34  84.720    0.13   0.033   1.651   81.3 0.347  22.94 227 226
81   73.26  -40.36   0.46   0.33 -84.770    0.31   0.033   1.642   81.1 0.347  22.95 228 227
81  -31.02  -14.51   0.36   0.33 -57.840    0.08   0.033   1.627   80.8 0.347  22.98 229 228
81    3.13  -27.64   0.51   0.33  22.780    0.41   0.033   1.620   80.6 0.347  22.98 230 229
81    3.23   56.43   0.39   0.32 -44.780    0.18   0.032   1.593   79.9 0.347  23.02 231 230
81   36.46  -34.02   0.35   0.32  84.990    0.09   0.032   1.588   79.8 0.347  23.03 232 231
81  -34.61    6.43   0.38   0.32  65.910    0.17   0.032   1.568   79.3 0.347  23.06 233 232
81   26.97   34.13   0.58   0.31  73.100    0.54   0.031   1.543   78.7 0.347  23.09 234 233
81    0.71   21.46   0.34   0.31 -79.230    0.09   0.031   1.525   78.2 0.347  23.12 235 234
81   31.91  -17.79   0.51   0.31 -28.120    0.47   0.031   1.523   78.1 0.347  23.12 236 235
81    9.74   39.12   0.34   0.29 -30.500    0.17   0.029   1.428   75.7 0.347  23.26 237 236
81   38.37   17.19   0.30   0.28  16.540    0.07   0.028   1.390   74.7 0.347  23.32 238 237
81   -5.42  -11.68   0.29   0.27  19.680    0.09   0.027   1.328   73.0 0.347  23.42 239 238
81   21.98  -21.73   0.41   0.27  30.780    0.40   0.027   1.316   72.6 0.347  23.44 240 239
81  -35.66   22.38   0.48   0.27 -37.420    0.53   0.026   1.306   72.4 0.347  23.45 241 240
81   -6.05  -27.70   0.33   0.26  77.490    0.23   0.026   1.291   71.9 0.347  23.48 242 241
81   45.45   42.43   0.35   0.25  26.420    0.31   0.025   1.245   70.6 0.347  23.56 243 242
81    5.23  -25.23   0.32   0.25 -65.730    0.23   0.025   1.224   70.0 0.347  23.59 244 243
81   17.12   -5.40   0.27   0.25  71.460    0.08   0.025   1.218   69.9 0.347  23.61 245 244
81   14.35   44.95   0.27   0.25 -26.650    0.10   0.025   1.211   69.7 0.347  23.62 246 245
81    8.30  -17.27   0.28   0.25  56.870    0.14   0.025   1.211   69.7 0.347  23.62 247 246
81  -15.26   25.95   0.27   0.24   2.880    0.11   0.024   1.195   69.2 0.347  23.65 248 247
81  -20.48  -15.25   0.36   0.24  64.420    0.37   0.024   1.189   69.0 0.347  23.66 249 248
81  -45.26   13.17   0.31   0.23 -41.830    0.28   0.023   1.138   67.6 0.347  23.75 250 249
81  -37.79   10.98   0.32   0.22  82.810    0.36   0.022   1.076   65.7 0.347  23.87 251 250
81   22.50  -30.40   0.25   0.21 -72.080    0.17   0.021   1.046   64.7 0.347  23.94 252 251
81   -8.86   37.10   0.24   0.20  85.750    0.16   0.020   0.989   63.0 0.347  24.06 253 252
81   41.59   14.42   0.27   0.20  32.070    0.32   0.020   0.970   62.4 0.347  24.10 254 253
81    8.90  -45.09   0.20   0.20   5.690    0.03   0.019   0.959   62.0 0.347  24.12 255 254
81  -22.77   29.04   0.26   0.19  22.370    0.29   0.019   0.952   61.8 0.347  24.14 256 255
81   -4.36  -28.00   0.20   0.17 -55.690    0.14   0.017   0.846   58.2 0.347  24.39 257 256
81  -20.22   -7.39   0.20   0.17 -43.040    0.17   0.017   0.831   57.7 0.347  24.43 258 257
81  -32.24   24.23   0.28   0.17  57.220    0.46   0.017   0.828   57.6 0.347  24.44 259 258
81  -25.80   24.32   0.21   0.16   7.230    0.25   0.016   0.806   56.9 0.347  24.50 260 259
81   47.88    7.37   0.17   0.15  35.710    0.17   0.015   0.719   53.7 0.347  24.75 261 260
81  -30.71    5.90   0.20   0.14  -2.070    0.37   0.013   0.664   51.6 0.347  24.92 262 261
81  -32.54   25.95   0.13   0.12  22.490    0.03   0.012   0.612   49.5 0.347  25.10 263 262
