#REFERENCE 0 342.1832200 -44.5308890
1 342.1832200 -44.5308890 0.0000 0.0000 -35.24 0.00
1 342.183220 -44.530889 0.0000 0.0000 -35.24 0.00
1 342.1832200 -44.5308890 0.0000 0.0000 -35.24 0.00
1 342.1832200 -44.5308890 11.2286 6.4828 -35.24 1469.23
2 342.2156701 -44.5183973 0.0000 0.0000 -17.04 0.00
2 342.215670 -44.518397 0.0000 0.0000 -17.04 0.00
2 342.2156701 -44.5183973 0.0000 0.0000 -17.04 0.00
2 342.2156701 -44.5183973 10.2756 1.6622 -17.04 63.68
3 342.1832200 -44.5308890 0.0000 0.0000 48.00 0.00
3 342.183220 -44.530889 0.0000 0.0000 48.00 0.00
3 342.1832200 -44.5308890 0.0000 0.0000 48.00 0.00
3 342.1832200 -44.5308890 0.0000 0.0000 48.00 0.00
4 342.1832177 -44.5308787 0.0000 0.0000 -35.00 0.00
4 342.183218 -44.530879 0.0000 0.0000 -35.00 0.00
4 342.1832177 -44.5308787 0.0000 0.0000 -35.00 0.00
4 342.1832177 -44.5308787 2.0502 1.5527 -35.00 13.12
5 342.2162250 -44.5183709 0.0000 0.0000 51.60 0.00
5 342.216225 -44.518371 0.0000 0.0000 51.60 0.00
5 342.2162250 -44.5183709 0.0000 0.0000 51.60 0.00
5 342.2162250 -44.5183709 1.6623 1.4750 51.60 0.85
6 342.1521493 -44.5216729 0.0000 0.0000 38.85 0.00
6 342.152149 -44.521673 0.0000 0.0000 38.85 0.00
6 342.1521493 -44.5216729 0.0000 0.0000 38.85 0.00
6 342.1521493 -44.5216729 1.5469 1.5041 38.85 0.77
7 342.2062731 -44.5120623 0.0000 0.0000 -29.98 0.00
7 342.206273 -44.512062 0.0000 0.0000 -29.98 0.00
7 342.2062731 -44.5120623 0.0000 0.0000 -29.98 0.00
7 342.2062731 -44.5120623 1.6782 1.3674 -29.98 0.72
8 342.1504465 -44.5498293 0.0000 0.0000 -37.95 0.00
8 342.150446 -44.549829 0.0000 0.0000 -37.95 0.00
8 342.1504465 -44.5498293 0.0000 0.0000 -37.95 0.00
8 342.1504465 -44.5498293 1.4501 1.4086 -37.95 0.60
9 342.1859811 -44.4975229 0.0000 0.0000 -66.38 0.00
9 342.185981 -44.497523 0.0000 0.0000 -66.38 0.00
9 342.1859811 -44.4975229 0.0000 0.0000 -66.38 0.00
9 342.1859811 -44.4975229 1.4625 1.3269 -66.38 0.53
10 342.2051976 -44.5171537 0.0000 0.0000 47.33 0.00
10 342.205198 -44.517154 0.0000 0.0000 47.33 0.00
10 342.2051976 -44.5171537 0.0000 0.0000 47.33 0.00
10 342.2051976 -44.5171537 4.4767 0.9774 47.33 0.48
11 342.1763748 -44.5114046 0.0000 0.0000 1.67 0.00
11 342.176375 -44.511405 0.0000 0.0000 1.67 0.00
11 342.1763748 -44.5114046 0.0000 0.0000 1.67 0.00
11 342.1763748 -44.5114046 1.8310 1.0769 1.67 0.43
12 342.2233803 -44.5213134 0.0000 0.0000 -82.02 0.00
12 342.223380 -44.521313 0.0000 0.0000 -82.02 0.00
12 342.2233803 -44.5213134 0.0000 0.0000 -82.02 0.00
12 342.2233803 -44.5213134 2.0547 1.0289 -82.02 0.41
13 342.1770306 -44.5369446 0.0000 0.0000 -37.82 0.00
13 342.177031 -44.536945 0.0000 0.0000 -37.82 0.00
13 342.1770306 -44.5369446 0.0000 0.0000 -37.82 0.00
13 342.1770306 -44.5369446 1.3228 1.2683 -37.82 0.40
14 342.1835294 -44.5300790 0.0000 0.0000 -81.58 0.00
14 342.183529 -44.530079 0.0000 0.0000 -81.58 0.00
14 342.1835294 -44.5300790 0.0000 0.0000 -81.58 0.00
14 342.1835294 -44.5300790 1.3961 1.2040 -81.58 0.40
15 342.1955258 -44.5260040 0.0000 0.0000 -89.76 0.00
15 342.195526 -44.526004 0.0000 0.0000 -89.76 0.00
15 342.1955258 -44.5260040 0.0000 0.0000 -89.76 0.00
15 342.1955258 -44.5260040 1.2903 1.1624 -89.76 0.32
16 342.2019997 -44.5402707 0.0000 0.0000 -33.56 0.00
16 342.202000 -44.540271 0.0000 0.0000 -33.56 0.00
16 342.2019997 -44.5402707 0.0000 0.0000 -33.56 0.00
16 342.2019997 -44.5402707 1.3500 1.1149 -33.56 0.31
17 342.2030443 -44.5149468 0.0000 0.0000 30.20 0.00
17 342.203044 -44.514947 0.0000 0.0000 30.20 0.00
17 342.2030443 -44.5149468 0.0000 0.0000 30.20 0.00
17 342.2030443 -44.5149468 1.6778 0.9868 30.20 0.30
18 342.2152134 -44.5185543 0.0000 0.0000 -28.40 0.00
18 342.215213 -44.518554 0.0000 0.0000 -28.40 0.00
18 342.2152134 -44.5185543 0.0000 0.0000 -28.40 0.00
18 342.2152134 -44.5185543 1.4143 1.0630 -28.40 0.30
19 342.1391136 -44.5360679 0.0000 0.0000 -6.15 0.00
19 342.139114 -44.536068 0.0000 0.0000 -6.15 0.00
19 342.1391136 -44.5360679 0.0000 0.0000 -6.15 0.00
19 342.1391136 -44.5360679 2.3663 0.8944 -6.15 0.28
20 342.2202654 -44.5178529 0.0000 0.0000 -40.78 0.00
20 342.220265 -44.517853 0.0000 0.0000 -40.78 0.00
20 342.2202654 -44.5178529 0.0000 0.0000 -40.78 0.00
20 342.2202654 -44.5178529 2.0948 0.9074 -40.78 0.28
21 342.1462997 -44.5309565 0.0000 0.0000 37.13 0.00
21 342.146300 -44.530957 0.0000 0.0000 37.13 0.00
21 342.1462997 -44.5309565 0.0000 0.0000 37.13 0.00
21 342.1462997 -44.5309565 2.4163 0.8859 37.13 0.27
22 342.2205782 -44.5259168 0.0000 0.0000 13.29 0.00
22 342.220578 -44.525917 0.0000 0.0000 13.29 0.00
22 342.2205782 -44.5259168 0.0000 0.0000 13.29 0.00
22 342.2205782 -44.5259168 1.2973 1.0692 13.29 0.27
23 342.2156701 -44.5183973 0.0000 0.0000 47.45 0.00
23 342.215670 -44.518397 0.0000 0.0000 47.45 0.00
23 342.2156701 -44.5183973 0.0000 0.0000 47.45 0.00
23 342.2156701 -44.5183973 1.6646 0.9444 47.45 0.26
24 342.1751361 -44.5105443 0.0000 0.0000 56.52 0.00
24 342.175136 -44.510544 0.0000 0.0000 56.52 0.00
24 342.1751361 -44.5105443 0.0000 0.0000 56.52 0.00
24 342.1751361 -44.5105443 1.2808 1.0699 56.52 0.26
25 342.1842573 -44.5280562 0.0000 0.0000 -9.20 0.00
25 342.184257 -44.528056 0.0000 0.0000 -9.20 0.00
25 342.1842573 -44.5280562 0.0000 0.0000 -9.20 0.00
25 342.1842573 -44.5280562 1.6666 0.9378 -9.20 0.26
26 342.2279798 -44.5352351 0.0000 0.0000 -13.04 0.00
26 342.227980 -44.535235 0.0000 0.0000 -13.04 0.00
26 342.2279798 -44.5352351 0.0000 0.0000 -13.04 0.00
26 342.2279798 -44.5352351 2.0676 0.8889 -13.04 0.25
27 342.2115093 -44.5256040 0.0000 0.0000 44.93 0.00
27 342.211509 -44.525604 0.0000 0.0000 44.93 0.00
27 342.2115093 -44.5256040 0.0000 0.0000 44.93 0.00
27 342.2115093 -44.5256040 1.5404 0.9606 44.93 0.25
28 342.1854305 -44.5186351 0.0000 0.0000 53.30 0.00
28 342.185431 -44.518635 0.0000 0.0000 53.30 0.00
28 342.1854305 -44.5186351 0.0000 0.0000 53.30 0.00
28 342.1854305 -44.5186351 1.7999 0.9014 53.30 0.24
29 342.2213545 -44.5199601 0.0000 0.0000 -0.10 0.00
29 342.221354 -44.519960 0.0000 0.0000 -0.10 0.00
29 342.2213545 -44.5199601 0.0000 0.0000 -0.10 0.00
29 342.2213545 -44.5199601 1.2280 1.0407 -0.10 0.23
30 342.1748185 -44.5003976 0.0000 0.0000 -15.69 0.00
30 342.174819 -44.500398 0.0000 0.0000 -15.69 0.00
30 342.1748185 -44.5003976 0.0000 0.0000 -15.69 0.00
30 342.1748185 -44.5003976 1.1928 1.0140 -15.69 0.20
31 342.1722706 -44.5626940 0.0000 0.0000 33.85 0.00
31 342.172271 -44.562694 0.0000 0.0000 33.85 0.00
31 342.1722706 -44.5626940 0.0000 0.0000 33.85 0.00
31 342.1722706 -44.5626940 1.2037 0.9962 33.85 0.20
32 342.1829336 -44.5304584 0.0000 0.0000 -15.68 0.00
32 342.182934 -44.530458 0.0000 0.0000 -15.68 0.00
32 342.1829336 -44.5304584 0.0000 0.0000 -15.68 0.00
32 342.1829336 -44.5304584 1.6194 0.8713 -15.68 0.20
33 342.1673086 -44.5139573 0.0000 0.0000 -56.07 0.00
33 342.167309 -44.513957 0.0000 0.0000 -56.07 0.00
33 342.1673086 -44.5139573 0.0000 0.0000 -56.07 0.00
33 342.1673086 -44.5139573 2.0232 0.8197 -56.07 0.19
34 342.1933060 -44.5178279 0.0000 0.0000 -33.68 0.00
34 342.193306 -44.517828 0.0000 0.0000 -33.68 0.00
34 342.1933060 -44.5178279 0.0000 0.0000 -33.68 0.00
34 342.1933060 -44.5178279 1.5406 0.8717 -33.68 0.19
35 342.2139100 -44.5205971 0.0000 0.0000 -74.06 0.00
35 342.213910 -44.520597 0.0000 0.0000 -74.06 0.00
35 342.2139100 -44.5205971 0.0000 0.0000 -74.06 0.00
35 342.2139100 -44.5205971 1.1988 0.9778 -74.06 0.19
36 342.1557299 -44.5459109 0.0000 0.0000 87.99 0.00
36 342.155730 -44.545911 0.0000 0.0000 87.99 0.00
36 342.1557299 -44.5459109 0.0000 0.0000 87.99 0.00
36 342.1557299 -44.5459109 1.1257 1.0059 87.99 0.18
37 342.1802991 -44.5006340 0.0000 0.0000 69.82 0.00
37 342.180299 -44.500634 0.0000 0.0000 69.82 0.00
37 342.1802991 -44.5006340 0.0000 0.0000 69.82 0.00
37 342.1802991 -44.5006340 1.3017 0.9156 69.82 0.18
38 342.1802185 -44.5134954 0.0000 0.0000 -22.41 0.00
38 342.180218 -44.513495 0.0000 0.0000 -22.41 0.00
38 342.1802185 -44.5134954 0.0000 0.0000 -22.41 0.00
38 342.1802185 -44.5134954 1.4604 0.8623 -22.41 0.17
39 342.1769445 -44.5341098 0.0000 0.0000 -22.02 0.00
39 342.176945 -44.534110 0.0000 0.0000 -22.02 0.00
39 342.1769445 -44.5341098 0.0000 0.0000 -22.02 0.00
39 342.1769445 -44.5341098 1.1037 0.9923 -22.02 0.17
40 342.1911846 -44.5567665 0.0000 0.0000 58.19 0.00
40 342.191185 -44.556767 0.0000 0.0000 58.19 0.00
40 342.1911846 -44.5567665 0.0000 0.0000 58.19 0.00
40 342.1911846 -44.5567665 1.3411 0.8780 58.19 0.17
41 342.1754560 -44.5353832 0.0000 0.0000 -83.61 0.00
41 342.175456 -44.535383 0.0000 0.0000 -83.61 0.00
41 342.1754560 -44.5353832 0.0000 0.0000 -83.61 0.00
41 342.1754560 -44.5353832 1.4505 0.8509 -83.61 0.17
42 342.1623802 -44.5133634 0.0000 0.0000 36.36 0.00
42 342.162380 -44.513363 0.0000 0.0000 36.36 0.00
42 342.1623802 -44.5133634 0.0000 0.0000 36.36 0.00
42 342.1623802 -44.5133634 1.1856 0.9203 36.36 0.16
43 342.1881465 -44.5297257 0.0000 0.0000 47.38 0.00
43 342.188146 -44.529726 0.0000 0.0000 47.38 0.00
43 342.1881465 -44.5297257 0.0000 0.0000 47.38 0.00
43 342.1881465 -44.5297257 1.1806 0.9223 47.38 0.16
44 342.1546396 -44.5393359 0.0000 0.0000 -50.53 0.00
44 342.154640 -44.539336 0.0000 0.0000 -50.53 0.00
44 342.1546396 -44.5393359 0.0000 0.0000 -50.53 0.00
44 342.1546396 -44.5393359 1.1972 0.9057 -50.53 0.16
45 342.1881410 -44.5259646 0.0000 0.0000 60.04 0.00
45 342.188141 -44.525965 0.0000 0.0000 60.04 0.00
45 342.1881410 -44.5259646 0.0000 0.0000 60.04 0.00
45 342.1881410 -44.5259646 1.5132 0.8212 60.04 0.16
46 342.1800790 -44.5673259 0.0000 0.0000 -38.63 0.00
46 342.180079 -44.567326 0.0000 0.0000 -38.63 0.00
46 342.1800790 -44.5673259 0.0000 0.0000 -38.63 0.00
46 342.1800790 -44.5673259 1.3220 0.8583 -38.63 0.15
47 342.1827493 -44.5313640 0.0000 0.0000 -27.73 0.00
47 342.182749 -44.531364 0.0000 0.0000 -27.73 0.00
47 342.1827493 -44.5313640 0.0000 0.0000 -27.73 0.00
47 342.1827493 -44.5313640 1.0540 0.9679 -27.73 0.15
48 342.1618830 -44.5299721 0.0000 0.0000 30.76 0.00
48 342.161883 -44.529972 0.0000 0.0000 30.76 0.00
48 342.1618830 -44.5299721 0.0000 0.0000 30.76 0.00
48 342.1618830 -44.5299721 1.6648 0.7853 30.76 0.15
49 342.2242340 -44.5341440 0.0000 0.0000 -83.63 0.00
49 342.224234 -44.534144 0.0000 0.0000 -83.63 0.00
49 342.2242340 -44.5341440 0.0000 0.0000 -83.63 0.00
49 342.2242340 -44.5341440 1.1549 0.8984 -83.63 0.14
50 342.1983193 -44.5483526 0.0000 0.0000 30.37 0.00
50 342.198319 -44.548353 0.0000 0.0000 30.37 0.00
50 342.1983193 -44.5483526 0.0000 0.0000 30.37 0.00
50 342.1983193 -44.5483526 1.3003 0.8209 30.37 0.13
51 342.1624636 -44.5132059 0.0000 0.0000 -33.04 0.00
51 342.162464 -44.513206 0.0000 0.0000 -33.04 0.00
51 342.1624636 -44.5132059 0.0000 0.0000 -33.04 0.00
51 342.1624636 -44.5132059 1.3453 0.8078 -33.04 0.13
52 342.1843761 -44.5361937 0.0000 0.0000 -2.79 0.00
52 342.184376 -44.536194 0.0000 0.0000 -2.79 0.00
52 342.1843761 -44.5361937 0.0000 0.0000 -2.79 0.00
52 342.1843761 -44.5361937 1.3738 0.8016 -2.79 0.13
53 342.1614368 -44.5558671 0.0000 0.0000 31.57 0.00
53 342.161437 -44.555867 0.0000 0.0000 31.57 0.00
53 342.1614368 -44.5558671 0.0000 0.0000 31.57 0.00
53 342.1614368 -44.5558671 1.5985 0.7679 31.57 0.13
54 342.2240084 -44.5161051 0.0000 0.0000 36.95 0.00
54 342.224008 -44.516105 0.0000 0.0000 36.95 0.00
54 342.2240084 -44.5161051 0.0000 0.0000 36.95 0.00
54 342.2240084 -44.5161051 1.0937 0.8912 36.95 0.13
55 342.1790308 -44.5327771 0.0000 0.0000 67.34 0.00
55 342.179031 -44.532777 0.0000 0.0000 67.34 0.00
55 342.1790308 -44.5327771 0.0000 0.0000 67.34 0.00
55 342.1790308 -44.5327771 1.0585 0.9008 67.34 0.13
56 342.1813422 -44.5197065 0.0000 0.0000 54.07 0.00
56 342.181342 -44.519707 0.0000 0.0000 54.07 0.00
56 342.1813422 -44.5197065 0.0000 0.0000 54.07 0.00
56 342.1813422 -44.5197065 1.5989 0.7504 54.07 0.12
57 342.2156868 -44.5469962 0.0000 0.0000 -12.03 0.00
57 342.215687 -44.546996 0.0000 0.0000 -12.03 0.00
57 342.2156868 -44.5469962 0.0000 0.0000 -12.03 0.00
57 342.2156868 -44.5469962 1.1976 0.8178 -12.03 0.12
58 342.1817245 -44.5117804 0.0000 0.0000 -2.31 0.00
58 342.181724 -44.511780 0.0000 0.0000 -2.31 0.00
58 342.1817245 -44.5117804 0.0000 0.0000 -2.31 0.00
58 342.1817245 -44.5117804 1.0241 0.8913 -2.31 0.12
59 342.1891693 -44.5295368 0.0000 0.0000 -3.85 0.00
59 342.189169 -44.529537 0.0000 0.0000 -3.85 0.00
59 342.1891693 -44.5295368 0.0000 0.0000 -3.85 0.00
59 342.1891693 -44.5295368 1.0803 0.8476 -3.85 0.11
60 342.1889394 -44.5403862 0.0000 0.0000 19.25 0.00
60 342.188939 -44.540386 0.0000 0.0000 19.25 0.00
60 342.1889394 -44.5403862 0.0000 0.0000 19.25 0.00
60 342.1889394 -44.5403862 1.3869 0.7601 19.25 0.11
61 342.2155431 -44.5195209 0.0000 0.0000 -33.23 0.00
61 342.215543 -44.519521 0.0000 0.0000 -33.23 0.00
61 342.2155431 -44.5195209 0.0000 0.0000 -33.23 0.00
61 342.2155431 -44.5195209 1.0517 0.8578 -33.23 0.11
62 342.1571627 -44.5326709 0.0000 0.0000 -61.57 0.00
62 342.157163 -44.532671 0.0000 0.0000 -61.57 0.00
62 342.1571627 -44.5326709 0.0000 0.0000 -61.57 0.00
62 342.1571627 -44.5326709 1.2397 0.7788 -61.57 0.11
63 342.2112443 -44.5341126 0.0000 0.0000 68.20 0.00
63 342.211244 -44.534113 0.0000 0.0000 68.20 0.00
63 342.2112443 -44.5341126 0.0000 0.0000 68.20 0.00
63 342.2112443 -44.5341126 1.2822 0.7640 68.20 0.11
64 342.1933130 -44.5264387 0.0000 0.0000 -77.29 0.00
64 342.193313 -44.526439 0.0000 0.0000 -77.29 0.00
64 342.1933130 -44.5264387 0.0000 0.0000 -77.29 0.00
64 342.1933130 -44.5264387 1.1125 0.8128 -77.29 0.11
65 342.2027536 -44.5198254 0.0000 0.0000 44.19 0.00
65 342.202754 -44.519825 0.0000 0.0000 44.19 0.00
65 342.2027536 -44.5198254 0.0000 0.0000 44.19 0.00
65 342.2027536 -44.5198254 0.9855 0.8771 44.19 0.11
66 342.2003074 -44.5252109 0.0000 0.0000 -79.91 0.00
66 342.200307 -44.525211 0.0000 0.0000 -79.91 0.00
66 342.2003074 -44.5252109 0.0000 0.0000 -79.91 0.00
66 342.2003074 -44.5252109 1.4877 0.7252 -79.91 0.10
67 342.1972820 -44.5232762 0.0000 0.0000 14.65 0.00
67 342.197282 -44.523276 0.0000 0.0000 14.65 0.00
67 342.1972820 -44.5232762 0.0000 0.0000 14.65 0.00
67 342.1972820 -44.5232762 1.0422 0.8333 14.65 0.10
68 342.2085085 -44.5256273 0.0000 0.0000 -75.45 0.00
68 342.208509 -44.525627 0.0000 0.0000 -75.45 0.00
68 342.2085085 -44.5256273 0.0000 0.0000 -75.45 0.00
68 342.2085085 -44.5256273 1.1872 0.7642 -75.45 0.10
69 342.1857793 -44.5345743 0.0000 0.0000 -55.61 0.00
69 342.185779 -44.534574 0.0000 0.0000 -55.61 0.00
69 342.1857793 -44.5345743 0.0000 0.0000 -55.61 0.00
69 342.1857793 -44.5345743 1.2802 0.7372 -55.61 0.10
70 342.2046645 -44.5217004 0.0000 0.0000 -80.37 0.00
70 342.204665 -44.521700 0.0000 0.0000 -80.37 0.00
70 342.2046645 -44.5217004 0.0000 0.0000 -80.37 0.00
70 342.2046645 -44.5217004 1.0941 0.7853 -80.37 0.09
71 342.1907221 -44.5017368 0.0000 0.0000 11.32 0.00
71 342.190722 -44.501737 0.0000 0.0000 11.32 0.00
71 342.1907221 -44.5017368 0.0000 0.0000 11.32 0.00
71 342.1907221 -44.5017368 1.2953 0.7329 11.32 0.09
72 342.1840636 -44.5269343 0.0000 0.0000 -36.15 0.00
72 342.184064 -44.526934 0.0000 0.0000 -36.15 0.00
72 342.1840636 -44.5269343 0.0000 0.0000 -36.15 0.00
72 342.1840636 -44.5269343 1.1125 0.7772 -36.15 0.09
73 342.1597223 -44.5235273 0.0000 0.0000 -65.43 0.00
73 342.159722 -44.523527 0.0000 0.0000 -65.43 0.00
73 342.1597223 -44.5235273 0.0000 0.0000 -65.43 0.00
73 342.1597223 -44.5235273 1.2063 0.7448 -65.43 0.09
74 342.1698465 -44.5355409 0.0000 0.0000 81.51 0.00
74 342.169846 -44.535541 0.0000 0.0000 81.51 0.00
74 342.1698465 -44.5355409 0.0000 0.0000 81.51 0.00
74 342.1698465 -44.5355409 1.4082 0.7085 81.51 0.09
75 342.2042020 -44.5252479 0.0000 0.0000 1.97 0.00
75 342.204202 -44.525248 0.0000 0.0000 1.97 0.00
75 342.2042020 -44.5252479 0.0000 0.0000 1.97 0.00
75 342.2042020 -44.5252479 1.5537 0.6907 1.97 0.09
76 342.1418560 -44.5259140 0.0000 0.0000 -27.93 0.00
76 342.141856 -44.525914 0.0000 0.0000 -27.93 0.00
76 342.1418560 -44.5259140 0.0000 0.0000 -27.93 0.00
76 342.1418560 -44.5259140 1.4792 0.6977 -27.93 0.09
77 342.1489073 -44.5232582 0.0000 0.0000 43.14 0.00
77 342.148907 -44.523258 0.0000 0.0000 43.14 0.00
77 342.1489073 -44.5232582 0.0000 0.0000 43.14 0.00
77 342.1489073 -44.5232582 0.9762 0.8206 43.14 0.09
78 342.1717562 -44.5405462 0.0000 0.0000 83.08 0.00
78 342.171756 -44.540546 0.0000 0.0000 83.08 0.00
78 342.1717562 -44.5405462 0.0000 0.0000 83.08 0.00
78 342.1717562 -44.5405462 1.1879 0.7399 83.08 0.09
79 342.1895099 -44.5412843 0.0000 0.0000 35.60 0.00
79 342.189510 -44.541284 0.0000 0.0000 35.60 0.00
79 342.1895099 -44.5412843 0.0000 0.0000 35.60 0.00
79 342.1895099 -44.5412843 1.0677 0.7698 35.60 0.09
80 342.1867881 -44.5278279 0.0000 0.0000 -33.99 0.00
80 342.186788 -44.527828 0.0000 0.0000 -33.99 0.00
80 342.1867881 -44.5278279 0.0000 0.0000 -33.99 0.00
80 342.1867881 -44.5278279 0.9555 0.8114 -33.99 0.08
81 342.2025795 -44.5588176 0.0000 0.0000 15.58 0.00
81 342.202579 -44.558818 0.0000 0.0000 15.58 0.00
81 342.2025795 -44.5588176 0.0000 0.0000 15.58 0.00
81 342.2025795 -44.5588176 0.8950 0.8539 15.58 0.08
82 342.1751014 -44.5586512 0.0000 0.0000 -75.34 0.00
82 342.175101 -44.558651 0.0000 0.0000 -75.34 0.00
82 342.1751014 -44.5586512 0.0000 0.0000 -75.34 0.00
82 342.1751014 -44.5586512 0.9217 0.8219 -75.34 0.08
83 342.1481666 -44.5383007 0.0000 0.0000 34.37 0.00
83 342.148167 -44.538301 0.0000 0.0000 34.37 0.00
83 342.1481666 -44.5383007 0.0000 0.0000 34.37 0.00
83 342.1481666 -44.5383007 1.4827 0.6710 34.37 0.08
84 342.1878760 -44.5561232 0.0000 0.0000 -17.90 0.00
84 342.187876 -44.556123 0.0000 0.0000 -17.90 0.00
84 342.1878760 -44.5561232 0.0000 0.0000 -17.90 0.00
84 342.1878760 -44.5561232 0.9866 0.7765 -17.90 0.08
85 342.1993998 -44.5454409 0.0000 0.0000 15.12 0.00
85 342.199400 -44.545441 0.0000 0.0000 15.12 0.00
85 342.1993998 -44.5454409 0.0000 0.0000 15.12 0.00
85 342.1993998 -44.5454409 1.0548 0.7478 15.12 0.08
86 342.1765615 -44.5084251 0.0000 0.0000 30.12 0.00
86 342.176561 -44.508425 0.0000 0.0000 30.12 0.00
86 342.1765615 -44.5084251 0.0000 0.0000 30.12 0.00
86 342.1765615 -44.5084251 1.3103 0.6878 30.12 0.08
87 342.1671535 -44.5346871 0.0000 0.0000 47.53 0.00
87 342.167154 -44.534687 0.0000 0.0000 47.53 0.00
87 342.1671535 -44.5346871 0.0000 0.0000 47.53 0.00
87 342.1671535 -44.5346871 1.9578 0.6398 47.53 0.08
88 342.1764555 -44.5336596 0.0000 0.0000 28.36 0.00
88 342.176456 -44.533660 0.0000 0.0000 28.36 0.00
88 342.1764555 -44.5336596 0.0000 0.0000 28.36 0.00
88 342.1764555 -44.5336596 1.0654 0.7342 28.36 0.08
89 342.1414333 -44.5424909 0.0000 0.0000 59.96 0.00
89 342.141433 -44.542491 0.0000 0.0000 59.96 0.00
89 342.1414333 -44.5424909 0.0000 0.0000 59.96 0.00
89 342.1414333 -44.5424909 0.9315 0.7903 59.96 0.08
90 342.1467615 -44.5291507 0.0000 0.0000 28.51 0.00
90 342.146761 -44.529151 0.0000 0.0000 28.51 0.00
90 342.1467615 -44.5291507 0.0000 0.0000 28.51 0.00
90 342.1467615 -44.5291507 1.0788 0.7223 28.51 0.07
91 342.1958142 -44.5162512 0.0000 0.0000 30.85 0.00
91 342.195814 -44.516251 0.0000 0.0000 30.85 0.00
91 342.1958142 -44.5162512 0.0000 0.0000 30.85 0.00
91 342.1958142 -44.5162512 0.9204 0.7913 30.85 0.07
92 342.1490480 -44.5557243 0.0000 0.0000 -33.65 0.00
92 342.149048 -44.555724 0.0000 0.0000 -33.65 0.00
92 342.1490480 -44.5557243 0.0000 0.0000 -33.65 0.00
92 342.1490480 -44.5557243 0.9159 0.7914 -33.65 0.07
93 342.1769675 -44.5536554 0.0000 0.0000 23.20 0.00
93 342.176968 -44.553655 0.0000 0.0000 23.20 0.00
93 342.1769675 -44.5536554 0.0000 0.0000 23.20 0.00
93 342.1769675 -44.5536554 1.4784 0.6512 23.20 0.07
94 342.1844918 -44.5431854 0.0000 0.0000 44.22 0.00
94 342.184492 -44.543185 0.0000 0.0000 44.22 0.00
94 342.1844918 -44.5431854 0.0000 0.0000 44.22 0.00
94 342.1844918 -44.5431854 0.8576 0.8093 44.22 0.07
95 342.1779343 -44.5323893 0.0000 0.0000 -4.65 0.00
95 342.177934 -44.532389 0.0000 0.0000 -4.65 0.00
95 342.1779343 -44.5323893 0.0000 0.0000 -4.65 0.00
95 342.1779343 -44.5323893 0.9376 0.7489 -4.65 0.07
96 342.1802465 -44.5647721 0.0000 0.0000 75.77 0.00
96 342.180247 -44.564772 0.0000 0.0000 75.77 0.00
96 342.1802465 -44.5647721 0.0000 0.0000 75.77 0.00
96 342.1802465 -44.5647721 1.2211 0.6664 75.77 0.07
97 342.2083741 -44.5473682 0.0000 0.0000 68.81 0.00
97 342.208374 -44.547368 0.0000 0.0000 68.81 0.00
97 342.2083741 -44.5473682 0.0000 0.0000 68.81 0.00
97 342.2083741 -44.5473682 0.9925 0.7211 68.81 0.07
98 342.1491859 -44.5274023 0.0000 0.0000 -89.07 0.00
98 342.149186 -44.527402 0.0000 0.0000 -89.07 0.00
98 342.1491859 -44.5274023 0.0000 0.0000 -89.07 0.00
98 342.1491859 -44.5274023 1.0302 0.7059 -89.07 0.07
99 342.1866564 -44.5224801 0.0000 0.0000 71.18 0.00
99 342.186656 -44.522480 0.0000 0.0000 71.18 0.00
99 342.1866564 -44.5224801 0.0000 0.0000 71.18 0.00
99 342.1866564 -44.5224801 1.1267 0.6783 71.18 0.07
100 342.1869342 -44.5353687 0.0000 0.0000 8.95 0.00
100 342.186934 -44.535369 0.0000 0.0000 8.95 0.00
100 342.1869342 -44.5353687 0.0000 0.0000 8.95 0.00
100 342.1869342 -44.5353687 0.8687 0.7794 8.95 0.06
101 342.1760090 -44.5361604 0.0000 0.0000 27.95 0.00
101 342.176009 -44.536160 0.0000 0.0000 27.95 0.00
101 342.1760090 -44.5361604 0.0000 0.0000 27.95 0.00
101 342.1760090 -44.5361604 1.3598 0.6392 27.95 0.06
102 342.2155209 -44.5162087 0.0000 0.0000 15.73 0.00
102 342.215521 -44.516209 0.0000 0.0000 15.73 0.00
102 342.2155209 -44.5162087 0.0000 0.0000 15.73 0.00
102 342.2155209 -44.5162087 0.8463 0.7922 15.73 0.06
103 342.1983587 -44.5487701 0.0000 0.0000 -70.84 0.00
103 342.198359 -44.548770 0.0000 0.0000 -70.84 0.00
103 342.1983587 -44.5487701 0.0000 0.0000 -70.84 0.00
103 342.1983587 -44.5487701 0.9475 0.7168 -70.84 0.06
104 342.1856254 -44.5312390 0.0000 0.0000 27.36 0.00
104 342.185625 -44.531239 0.0000 0.0000 27.36 0.00
104 342.1856254 -44.5312390 0.0000 0.0000 27.36 0.00
104 342.1856254 -44.5312390 0.9678 0.7063 27.36 0.06
105 342.1512305 -44.5346590 0.0000 0.0000 81.77 0.00
105 342.151230 -44.534659 0.0000 0.0000 81.77 0.00
105 342.1512305 -44.5346590 0.0000 0.0000 81.77 0.00
105 342.1512305 -44.5346590 0.9905 0.6896 81.77 0.06
106 342.1427511 -44.5312946 0.0000 0.0000 -36.46 0.00
106 342.142751 -44.531295 0.0000 0.0000 -36.46 0.00
106 342.1427511 -44.5312946 0.0000 0.0000 -36.46 0.00
106 342.1427511 -44.5312946 1.1598 0.6482 -36.46 0.06
107 342.1866607 -44.5407573 0.0000 0.0000 24.89 0.00
107 342.186661 -44.540757 0.0000 0.0000 24.89 0.00
107 342.1866607 -44.5407573 0.0000 0.0000 24.89 0.00
107 342.1866607 -44.5407573 0.8378 0.7640 24.89 0.06
108 342.1856982 -44.5305140 0.0000 0.0000 11.26 0.00
108 342.185698 -44.530514 0.0000 0.0000 11.26 0.00
108 342.1856982 -44.5305140 0.0000 0.0000 11.26 0.00
108 342.1856982 -44.5305140 0.9440 0.7042 11.26 0.06
109 342.1796199 -44.5230534 0.0000 0.0000 12.70 0.00
109 342.179620 -44.523053 0.0000 0.0000 12.70 0.00
109 342.1796199 -44.5230534 0.0000 0.0000 12.70 0.00
109 342.1796199 -44.5230534 1.0868 0.6526 12.70 0.06
110 342.1616208 -44.5437401 0.0000 0.0000 -79.37 0.00
110 342.161621 -44.543740 0.0000 0.0000 -79.37 0.00
110 342.1616208 -44.5437401 0.0000 0.0000 -79.37 0.00
110 342.1616208 -44.5437401 0.9750 0.6827 -79.37 0.06
111 342.1779499 -44.5240629 0.0000 0.0000 28.36 0.00
111 342.177950 -44.524063 0.0000 0.0000 28.36 0.00
111 342.1779499 -44.5240629 0.0000 0.0000 28.36 0.00
111 342.1779499 -44.5240629 1.2130 0.6254 28.36 0.05
112 342.1768541 -44.5375287 0.0000 0.0000 -60.41 0.00
112 342.176854 -44.537529 0.0000 0.0000 -60.41 0.00
112 342.1768541 -44.5375287 0.0000 0.0000 -60.41 0.00
112 342.1768541 -44.5375287 0.8243 0.7501 -60.41 0.05
113 342.1913565 -44.5343329 0.0000 0.0000 46.24 0.00
113 342.191356 -44.534333 0.0000 0.0000 46.24 0.00
113 342.1913565 -44.5343329 0.0000 0.0000 46.24 0.00
113 342.1913565 -44.5343329 0.8477 0.7333 46.24 0.05
114 342.2090646 -44.5172996 0.0000 0.0000 21.97 0.00
114 342.209065 -44.517300 0.0000 0.0000 21.97 0.00
114 342.2090646 -44.5172996 0.0000 0.0000 21.97 0.00
114 342.2090646 -44.5172996 1.1386 0.6319 21.97 0.05
115 342.1645019 -44.5030929 0.0000 0.0000 59.50 0.00
115 342.164502 -44.503093 0.0000 0.0000 59.50 0.00
115 342.1645019 -44.5030929 0.0000 0.0000 59.50 0.00
115 342.1645019 -44.5030929 0.8406 0.7331 59.50 0.05
116 342.2037562 -44.5422632 0.0000 0.0000 68.54 0.00
116 342.203756 -44.542263 0.0000 0.0000 68.54 0.00
116 342.2037562 -44.5422632 0.0000 0.0000 68.54 0.00
116 342.2037562 -44.5422632 0.9633 0.6707 68.54 0.05
117 342.1749175 -44.5341334 0.0000 0.0000 15.73 0.00
117 342.174918 -44.534133 0.0000 0.0000 15.73 0.00
117 342.1749175 -44.5341334 0.0000 0.0000 15.73 0.00
117 342.1749175 -44.5341334 0.9840 0.6434 15.73 0.05
118 342.1736807 -44.5327707 0.0000 0.0000 -65.57 0.00
118 342.173681 -44.532771 0.0000 0.0000 -65.57 0.00
118 342.1736807 -44.5327707 0.0000 0.0000 -65.57 0.00
118 342.1736807 -44.5327707 1.2191 0.6000 -65.57 0.05
119 342.1793803 -44.5279090 0.0000 0.0000 15.64 0.00
119 342.179380 -44.527909 0.0000 0.0000 15.64 0.00
119 342.1793803 -44.5279090 0.0000 0.0000 15.64 0.00
119 342.1793803 -44.5279090 1.2054 0.5904 15.64 0.05
120 342.2168340 -44.5378257 0.0000 0.0000 -32.40 0.00
120 342.216834 -44.537826 0.0000 0.0000 -32.40 0.00
120 342.2168340 -44.5378257 0.0000 0.0000 -32.40 0.00
120 342.2168340 -44.5378257 1.1782 0.5882 -32.40 0.04
121 342.1764415 -44.5334859 0.0000 0.0000 3.86 0.00
121 342.176441 -44.533486 0.0000 0.0000 3.86 0.00
121 342.1764415 -44.5334859 0.0000 0.0000 3.86 0.00
121 342.1764415 -44.5334859 0.8177 0.6866 3.86 0.04
122 342.1666002 -44.5348182 0.0000 0.0000 24.27 0.00
122 342.166600 -44.534818 0.0000 0.0000 24.27 0.00
122 342.1666002 -44.5348182 0.0000 0.0000 24.27 0.00
122 342.1666002 -44.5348182 0.8882 0.6518 24.27 0.04
123 342.2073933 -44.5190687 0.0000 0.0000 35.69 0.00
123 342.207393 -44.519069 0.0000 0.0000 35.69 0.00
123 342.2073933 -44.5190687 0.0000 0.0000 35.69 0.00
123 342.2073933 -44.5190687 0.7606 0.7228 35.69 0.04
124 342.1441410 -44.5478437 0.0000 0.0000 24.45 0.00
124 342.144141 -44.547844 0.0000 0.0000 24.45 0.00
124 342.1441410 -44.5478437 0.0000 0.0000 24.45 0.00
124 342.1441410 -44.5478437 1.0256 0.6032 24.45 0.04
125 342.1929303 -44.5379109 0.0000 0.0000 -5.23 0.00
125 342.192930 -44.537911 0.0000 0.0000 -5.23 0.00
125 342.1929303 -44.5379109 0.0000 0.0000 -5.23 0.00
125 342.1929303 -44.5379109 0.9227 0.6286 -5.23 0.04
126 342.1856289 -44.5462959 0.0000 0.0000 12.87 0.00
126 342.185629 -44.546296 0.0000 0.0000 12.87 0.00
126 342.1856289 -44.5462959 0.0000 0.0000 12.87 0.00
126 342.1856289 -44.5462959 0.7870 0.6913 12.87 0.04
127 342.1820452 -44.5403412 0.0000 0.0000 52.52 0.00
127 342.182045 -44.540341 0.0000 0.0000 52.52 0.00
127 342.1820452 -44.5403412 0.0000 0.0000 52.52 0.00
127 342.1820452 -44.5403412 0.8051 0.6760 52.52 0.04
128 342.2245204 -44.5222798 0.0000 0.0000 21.45 0.00
128 342.224520 -44.522280 0.0000 0.0000 21.45 0.00
128 342.2245204 -44.5222798 0.0000 0.0000 21.45 0.00
128 342.2245204 -44.5222798 1.4438 0.5507 21.45 0.04
129 342.1498293 -44.5376904 0.0000 0.0000 -37.56 0.00
129 342.149829 -44.537690 0.0000 0.0000 -37.56 0.00
129 342.1498293 -44.5376904 0.0000 0.0000 -37.56 0.00
129 342.1498293 -44.5376904 0.7439 0.6957 -37.56 0.04
130 342.1830692 -44.5330957 0.0000 0.0000 79.64 0.00
130 342.183069 -44.533096 0.0000 0.0000 79.64 0.00
130 342.1830692 -44.5330957 0.0000 0.0000 79.64 0.00
130 342.1830692 -44.5330957 0.9197 0.6071 79.64 0.04
131 342.1680244 -44.5511084 0.0000 0.0000 -27.27 0.00
131 342.168024 -44.551108 0.0000 0.0000 -27.27 0.00
131 342.1680244 -44.5511084 0.0000 0.0000 -27.27 0.00
131 342.1680244 -44.5511084 0.7543 0.6755 -27.27 0.04
132 342.2106758 -44.5406729 0.0000 0.0000 87.97 0.00
132 342.210676 -44.540673 0.0000 0.0000 87.97 0.00
132 342.2106758 -44.5406729 0.0000 0.0000 87.97 0.00
132 342.2106758 -44.5406729 0.8239 0.6280 87.97 0.04
133 342.1965998 -44.5399696 0.0000 0.0000 86.48 0.00
133 342.196600 -44.539970 0.0000 0.0000 86.48 0.00
133 342.1965998 -44.5399696 0.0000 0.0000 86.48 0.00
133 342.1965998 -44.5399696 0.7200 0.6834 86.48 0.03
134 342.1928134 -44.5149612 0.0000 0.0000 26.00 0.00
134 342.192813 -44.514961 0.0000 0.0000 26.00 0.00
134 342.1928134 -44.5149612 0.0000 0.0000 26.00 0.00
134 342.1928134 -44.5149612 1.0961 0.5523 26.00 0.03
135 342.2131159 -44.5247034 0.0000 0.0000 -7.58 0.00
135 342.213116 -44.524703 0.0000 0.0000 -7.58 0.00
135 342.2131159 -44.5247034 0.0000 0.0000 -7.58 0.00
135 342.2131159 -44.5247034 0.7127 0.6718 -7.58 0.03
136 342.1915755 -44.5333523 0.0000 0.0000 60.31 0.00
136 342.191575 -44.533352 0.0000 0.0000 60.31 0.00
136 342.1915755 -44.5333523 0.0000 0.0000 60.31 0.00
136 342.1915755 -44.5333523 0.7119 0.6664 60.31 0.03
137 342.2001106 -44.5161026 0.0000 0.0000 61.88 0.00
137 342.200111 -44.516103 0.0000 0.0000 61.88 0.00
137 342.2001106 -44.5161026 0.0000 0.0000 61.88 0.00
137 342.2001106 -44.5161026 0.9090 0.5746 61.88 0.03
138 342.1842951 -44.5252512 0.0000 0.0000 25.50 0.00
138 342.184295 -44.525251 0.0000 0.0000 25.50 0.00
138 342.1842951 -44.5252512 0.0000 0.0000 25.50 0.00
138 342.1842951 -44.5252512 0.8995 0.5769 25.50 0.03
139 342.1942704 -44.5471407 0.0000 0.0000 14.22 0.00
139 342.194270 -44.547141 0.0000 0.0000 14.22 0.00
139 342.1942704 -44.5471407 0.0000 0.0000 14.22 0.00
139 342.1942704 -44.5471407 0.9221 0.5679 14.22 0.03
140 342.1789065 -44.5247173 0.0000 0.0000 17.86 0.00
140 342.178906 -44.524717 0.0000 0.0000 17.86 0.00
140 342.1789065 -44.5247173 0.0000 0.0000 17.86 0.00
140 342.1789065 -44.5247173 0.6880 0.6784 17.86 0.03
141 342.1845351 -44.5293096 0.0000 0.0000 -63.16 0.00
141 342.184535 -44.529310 0.0000 0.0000 -63.16 0.00
141 342.1845351 -44.5293096 0.0000 0.0000 -63.16 0.00
141 342.1845351 -44.5293096 0.7169 0.6452 -63.16 0.03
142 342.2114949 -44.5215373 0.0000 0.0000 8.10 0.00
142 342.211495 -44.521537 0.0000 0.0000 8.10 0.00
142 342.2114949 -44.5215373 0.0000 0.0000 8.10 0.00
142 342.2114949 -44.5215373 0.7298 0.6345 8.10 0.03
143 342.1856184 -44.5121851 0.0000 0.0000 -10.29 0.00
143 342.185618 -44.512185 0.0000 0.0000 -10.29 0.00
143 342.1856184 -44.5121851 0.0000 0.0000 -10.29 0.00
143 342.1856184 -44.5121851 0.7206 0.6355 -10.29 0.03
144 342.1978233 -44.5586587 0.0000 0.0000 51.55 0.00
144 342.197823 -44.558659 0.0000 0.0000 51.55 0.00
144 342.1978233 -44.5586587 0.0000 0.0000 51.55 0.00
144 342.1978233 -44.5586587 0.8056 0.5886 51.55 0.03
145 342.1825486 -44.5268779 0.0000 0.0000 68.43 0.00
145 342.182549 -44.526878 0.0000 0.0000 68.43 0.00
145 342.1825486 -44.5268779 0.0000 0.0000 68.43 0.00
145 342.1825486 -44.5268779 0.7181 0.6339 68.43 0.03
146 342.1927811 -44.5545090 0.0000 0.0000 -18.65 0.00
146 342.192781 -44.554509 0.0000 0.0000 -18.65 0.00
146 342.1927811 -44.5545090 0.0000 0.0000 -18.65 0.00
146 342.1927811 -44.5545090 0.8115 0.5805 -18.65 0.03
147 342.1890162 -44.5246954 0.0000 0.0000 -32.37 0.00
147 342.189016 -44.524695 0.0000 0.0000 -32.37 0.00
147 342.1890162 -44.5246954 0.0000 0.0000 -32.37 0.00
147 342.1890162 -44.5246954 0.6803 0.6510 -32.37 0.03
148 342.2069129 -44.5504287 0.0000 0.0000 0.99 0.00
148 342.206913 -44.550429 0.0000 0.0000 0.99 0.00
148 342.2069129 -44.5504287 0.0000 0.0000 0.99 0.00
148 342.2069129 -44.5504287 0.6782 0.6503 0.99 0.03
149 342.1498378 -44.5168854 0.0000 0.0000 46.85 0.00
149 342.149838 -44.516885 0.0000 0.0000 46.85 0.00
149 342.1498378 -44.5168854 0.0000 0.0000 46.85 0.00
149 342.1498378 -44.5168854 0.9914 0.5311 46.85 0.03
150 342.1844221 -44.5176521 0.0000 0.0000 53.32 0.00
150 342.184422 -44.517652 0.0000 0.0000 53.32 0.00
150 342.1844221 -44.5176521 0.0000 0.0000 53.32 0.00
150 342.1844221 -44.5176521 0.9717 0.5341 53.32 0.03
151 342.1807114 -44.5665109 0.0000 0.0000 -8.86 0.00
151 342.180711 -44.566511 0.0000 0.0000 -8.86 0.00
151 342.1807114 -44.5665109 0.0000 0.0000 -8.86 0.00
151 342.1807114 -44.5665109 0.8635 0.5538 -8.86 0.03
152 342.2216557 -44.5156004 0.0000 0.0000 36.68 0.00
152 342.221656 -44.515600 0.0000 0.0000 36.68 0.00
152 342.2216557 -44.5156004 0.0000 0.0000 36.68 0.00
152 342.2216557 -44.5156004 0.7258 0.6082 36.68 0.03
153 342.1893388 -44.5369173 0.0000 0.0000 -61.95 0.00
153 342.189339 -44.536917 0.0000 0.0000 -61.95 0.00
153 342.1893388 -44.5369173 0.0000 0.0000 -61.95 0.00
153 342.1893388 -44.5369173 0.7320 0.6045 -61.95 0.03
154 342.2013840 -44.5207718 0.0000 0.0000 19.37 0.00
154 342.201384 -44.520772 0.0000 0.0000 19.37 0.00
154 342.2013840 -44.5207718 0.0000 0.0000 19.37 0.00
154 342.2013840 -44.5207718 0.7344 0.5959 19.37 0.03
155 342.1949398 -44.5461312 0.0000 0.0000 -2.69 0.00
155 342.194940 -44.546131 0.0000 0.0000 -2.69 0.00
155 342.1949398 -44.5461312 0.0000 0.0000 -2.69 0.00
155 342.1949398 -44.5461312 0.8426 0.5529 -2.69 0.03
156 342.1604370 -44.5389382 0.0000 0.0000 64.95 0.00
156 342.160437 -44.538938 0.0000 0.0000 64.95 0.00
156 342.1604370 -44.5389382 0.0000 0.0000 64.95 0.00
156 342.1604370 -44.5389382 1.0226 0.5169 64.95 0.03
157 342.2122352 -44.5201890 0.0000 0.0000 28.00 0.00
157 342.212235 -44.520189 0.0000 0.0000 28.00 0.00
157 342.2122352 -44.5201890 0.0000 0.0000 28.00 0.00
157 342.2122352 -44.5201890 0.6922 0.6018 28.00 0.02
158 342.1738121 -44.5245798 0.0000 0.0000 23.13 0.00
158 342.173812 -44.524580 0.0000 0.0000 23.13 0.00
158 342.1738121 -44.5245798 0.0000 0.0000 23.13 0.00
158 342.1738121 -44.5245798 0.6447 0.6332 23.13 0.02
159 342.1590221 -44.5317962 0.0000 0.0000 -48.46 0.00
159 342.159022 -44.531796 0.0000 0.0000 -48.46 0.00
159 342.1590221 -44.5317962 0.0000 0.0000 -48.46 0.00
159 342.1590221 -44.5317962 1.4211 0.4763 -48.46 0.02
160 342.1735849 -44.5658165 0.0000 0.0000 -31.20 0.00
160 342.173585 -44.565817 0.0000 0.0000 -31.20 0.00
160 342.1735849 -44.5658165 0.0000 0.0000 -31.20 0.00
160 342.1735849 -44.5658165 0.6935 0.5931 -31.20 0.02
161 342.1667912 -44.5401962 0.0000 0.0000 2.33 0.00
161 342.166791 -44.540196 0.0000 0.0000 2.33 0.00
161 342.1667912 -44.5401962 0.0000 0.0000 2.33 0.00
161 342.1667912 -44.5401962 1.6021 0.4692 2.33 0.02
162 342.1744901 -44.5290026 0.0000 0.0000 48.50 0.00
162 342.174490 -44.529003 0.0000 0.0000 48.50 0.00
162 342.1744901 -44.5290026 0.0000 0.0000 48.50 0.00
162 342.1744901 -44.5290026 0.7132 0.5799 48.50 0.02
163 342.2152454 -44.5165259 0.0000 0.0000 -10.80 0.00
163 342.215245 -44.516526 0.0000 0.0000 -10.80 0.00
163 342.2152454 -44.5165259 0.0000 0.0000 -10.80 0.00
163 342.2152454 -44.5165259 0.6680 0.6030 -10.80 0.02
164 342.1609926 -44.5561582 0.0000 0.0000 -81.38 0.00
164 342.160993 -44.556158 0.0000 0.0000 -81.38 0.00
164 342.1609926 -44.5561582 0.0000 0.0000 -81.38 0.00
164 342.1609926 -44.5561582 0.6587 0.6080 -81.38 0.02
165 342.1918669 -44.5296557 0.0000 0.0000 8.54 0.00
165 342.191867 -44.529656 0.0000 0.0000 8.54 0.00
165 342.1918669 -44.5296557 0.0000 0.0000 8.54 0.00
165 342.1918669 -44.5296557 0.6601 0.6056 8.54 0.02
166 342.1841934 -44.5202957 0.0000 0.0000 51.35 0.00
166 342.184193 -44.520296 0.0000 0.0000 51.35 0.00
166 342.1841934 -44.5202957 0.0000 0.0000 51.35 0.00
166 342.1841934 -44.5202957 0.8126 0.5339 51.35 0.02
167 342.1524638 -44.5062140 0.0000 0.0000 41.21 0.00
167 342.152464 -44.506214 0.0000 0.0000 41.21 0.00
167 342.1524638 -44.5062140 0.0000 0.0000 41.21 0.00
167 342.1524638 -44.5062140 0.7781 0.5436 41.21 0.02
168 342.1551286 -44.5441648 0.0000 0.0000 89.09 0.00
168 342.155129 -44.544165 0.0000 0.0000 89.09 0.00
168 342.1551286 -44.5441648 0.0000 0.0000 89.09 0.00
168 342.1551286 -44.5441648 0.7645 0.5475 89.09 0.02
169 342.1570088 -44.5590226 0.0000 0.0000 63.08 0.00
169 342.157009 -44.559023 0.0000 0.0000 63.08 0.00
169 342.1570088 -44.5590226 0.0000 0.0000 63.08 0.00
169 342.1570088 -44.5590226 0.6473 0.6096 63.08 0.02
170 342.1786314 -44.5465507 0.0000 0.0000 -85.96 0.00
170 342.178631 -44.546551 0.0000 0.0000 -85.96 0.00
170 342.1786314 -44.5465507 0.0000 0.0000 -85.96 0.00
170 342.1786314 -44.5465507 0.6549 0.6002 -85.96 0.02
171 342.1518041 -44.5451846 0.0000 0.0000 -1.46 0.00
171 342.151804 -44.545185 0.0000 0.0000 -1.46 0.00
171 342.1518041 -44.5451846 0.0000 0.0000 -1.46 0.00
171 342.1518041 -44.5451846 0.6592 0.5963 -1.46 0.02
172 342.1682380 -44.5365490 0.0000 0.0000 63.58 0.00
172 342.168238 -44.536549 0.0000 0.0000 63.58 0.00
172 342.1682380 -44.5365490 0.0000 0.0000 63.58 0.00
172 342.1682380 -44.5365490 0.6458 0.6051 63.58 0.02
173 342.1809872 -44.5493315 0.0000 0.0000 57.40 0.00
173 342.180987 -44.549332 0.0000 0.0000 57.40 0.00
173 342.1809872 -44.5493315 0.0000 0.0000 57.40 0.00
173 342.1809872 -44.5493315 0.7306 0.5497 57.40 0.02
174 342.2024692 -44.5124823 0.0000 0.0000 -50.14 0.00
174 342.202469 -44.512482 0.0000 0.0000 -50.14 0.00
174 342.2024692 -44.5124823 0.0000 0.0000 -50.14 0.00
174 342.2024692 -44.5124823 0.6540 0.5904 -50.14 0.02
175 342.1866381 -44.5310857 0.0000 0.0000 81.99 0.00
175 342.186638 -44.531086 0.0000 0.0000 81.99 0.00
175 342.1866381 -44.5310857 0.0000 0.0000 81.99 0.00
175 342.1866381 -44.5310857 0.7520 0.5391 81.99 0.02
176 342.1744339 -44.5462243 0.0000 0.0000 -4.45 0.00
176 342.174434 -44.546224 0.0000 0.0000 -4.45 0.00
176 342.1744339 -44.5462243 0.0000 0.0000 -4.45 0.00
176 342.1744339 -44.5462243 1.0532 0.4800 -4.45 0.02
177 342.1809931 -44.5671593 0.0000 0.0000 6.09 0.00
177 342.180993 -44.567159 0.0000 0.0000 6.09 0.00
177 342.1809931 -44.5671593 0.0000 0.0000 6.09 0.00
177 342.1809931 -44.5671593 0.6728 0.5737 6.09 0.02
178 342.1527568 -44.5543307 0.0000 0.0000 39.49 0.00
178 342.152757 -44.554331 0.0000 0.0000 39.49 0.00
178 342.1527568 -44.5543307 0.0000 0.0000 39.49 0.00
178 342.1527568 -44.5543307 0.7126 0.5508 39.49 0.02
179 342.2044705 -44.5289182 0.0000 0.0000 -15.57 0.00
179 342.204470 -44.528918 0.0000 0.0000 -15.57 0.00
179 342.2044705 -44.5289182 0.0000 0.0000 -15.57 0.00
179 342.2044705 -44.5289182 0.6719 0.5695 -15.57 0.02
180 342.1887345 -44.5444129 0.0000 0.0000 -68.67 0.00
180 342.188734 -44.544413 0.0000 0.0000 -68.67 0.00
180 342.1887345 -44.5444129 0.0000 0.0000 -68.67 0.00
180 342.1887345 -44.5444129 0.6759 0.5640 -68.67 0.02
181 342.2046739 -44.5357134 0.0000 0.0000 -52.07 0.00
181 342.204674 -44.535713 0.0000 0.0000 -52.07 0.00
181 342.2046739 -44.5357134 0.0000 0.0000 -52.07 0.00
181 342.2046739 -44.5357134 0.6452 0.5842 -52.07 0.02
182 342.1810886 -44.5292032 0.0000 0.0000 73.28 0.00
182 342.181089 -44.529203 0.0000 0.0000 73.28 0.00
182 342.1810886 -44.5292032 0.0000 0.0000 73.28 0.00
182 342.1810886 -44.5292032 0.8022 0.5127 73.28 0.02
183 342.1936941 -44.5185232 0.0000 0.0000 61.58 0.00
183 342.193694 -44.518523 0.0000 0.0000 61.58 0.00
183 342.1936941 -44.5185232 0.0000 0.0000 61.58 0.00
183 342.1936941 -44.5185232 0.6551 0.5714 61.58 0.02
184 342.1658482 -44.5279040 0.0000 0.0000 -14.12 0.00
184 342.165848 -44.527904 0.0000 0.0000 -14.12 0.00
184 342.1658482 -44.5279040 0.0000 0.0000 -14.12 0.00
184 342.1658482 -44.5279040 0.6963 0.5463 -14.12 0.02
185 342.1868567 -44.5338962 0.0000 0.0000 -71.01 0.00
185 342.186857 -44.533896 0.0000 0.0000 -71.01 0.00
185 342.1868567 -44.5338962 0.0000 0.0000 -71.01 0.00
185 342.1868567 -44.5338962 0.6399 0.5794 -71.01 0.02
186 342.1627266 -44.5381623 0.0000 0.0000 23.70 0.00
186 342.162727 -44.538162 0.0000 0.0000 23.70 0.00
186 342.1627266 -44.5381623 0.0000 0.0000 23.70 0.00
186 342.1627266 -44.5381623 0.7574 0.5178 23.70 0.02
187 342.1381636 -44.5305298 0.0000 0.0000 77.29 0.00
187 342.138164 -44.530530 0.0000 0.0000 77.29 0.00
187 342.1381636 -44.5305298 0.0000 0.0000 77.29 0.00
187 342.1381636 -44.5305298 0.7317 0.5205 77.29 0.02
188 342.1715945 -44.5395112 0.0000 0.0000 -37.98 0.00
188 342.171594 -44.539511 0.0000 0.0000 -37.98 0.00
188 342.1715945 -44.5395112 0.0000 0.0000 -37.98 0.00
188 342.1715945 -44.5395112 0.8977 0.4809 -37.98 0.02
189 342.1835742 -44.4998657 0.0000 0.0000 54.22 0.00
189 342.183574 -44.499866 0.0000 0.0000 54.22 0.00
189 342.1835742 -44.4998657 0.0000 0.0000 54.22 0.00
189 342.1835742 -44.4998657 0.6308 0.5677 54.22 0.02
190 342.2133649 -44.5196179 0.0000 0.0000 -47.76 0.00
190 342.213365 -44.519618 0.0000 0.0000 -47.76 0.00
190 342.2133649 -44.5196179 0.0000 0.0000 -47.76 0.00
190 342.2133649 -44.5196179 0.7051 0.5265 -47.76 0.02
191 342.2095556 -44.5188665 0.0000 0.0000 -54.77 0.00
191 342.209556 -44.518867 0.0000 0.0000 -54.77 0.00
191 342.2095556 -44.5188665 0.0000 0.0000 -54.77 0.00
191 342.2095556 -44.5188665 0.6217 0.5738 -54.77 0.02
192 342.1762634 -44.5127046 0.0000 0.0000 -44.93 0.00
192 342.176263 -44.512705 0.0000 0.0000 -44.93 0.00
192 342.1762634 -44.5127046 0.0000 0.0000 -44.93 0.00
192 342.1762634 -44.5127046 0.6755 0.5384 -44.93 0.02
193 342.2033416 -44.5453012 0.0000 0.0000 29.25 0.00
193 342.203342 -44.545301 0.0000 0.0000 29.25 0.00
193 342.2033416 -44.5453012 0.0000 0.0000 29.25 0.00
193 342.2033416 -44.5453012 0.9174 0.4730 29.25 0.02
194 342.2091429 -44.5135440 0.0000 0.0000 -3.90 0.00
194 342.209143 -44.513544 0.0000 0.0000 -3.90 0.00
194 342.2091429 -44.5135440 0.0000 0.0000 -3.90 0.00
194 342.2091429 -44.5135440 0.6818 0.5332 -3.90 0.02
195 342.1349267 -44.5533843 0.0000 0.0000 61.91 0.00
195 342.134927 -44.553384 0.0000 0.0000 61.91 0.00
195 342.1349267 -44.5533843 0.0000 0.0000 61.91 0.00
195 342.1349267 -44.5533843 0.8706 0.4778 61.91 0.02
196 342.1857162 -44.5260134 0.0000 0.0000 4.45 0.00
196 342.185716 -44.526013 0.0000 0.0000 4.45 0.00
196 342.1857162 -44.5260134 0.0000 0.0000 4.45 0.00
196 342.1857162 -44.5260134 0.6935 0.5246 4.45 0.02
197 342.1881126 -44.5328079 0.0000 0.0000 4.17 0.00
197 342.188113 -44.532808 0.0000 0.0000 4.17 0.00
197 342.1881126 -44.5328079 0.0000 0.0000 4.17 0.00
197 342.1881126 -44.5328079 0.6010 0.5815 4.17 0.02
198 342.2001811 -44.5272284 0.0000 0.0000 -56.38 0.00
198 342.200181 -44.527228 0.0000 0.0000 -56.38 0.00
198 342.2001811 -44.5272284 0.0000 0.0000 -56.38 0.00
198 342.2001811 -44.5272284 0.8142 0.4864 -56.38 0.02
199 342.2006117 -44.5535665 0.0000 0.0000 -70.66 0.00
199 342.200612 -44.553567 0.0000 0.0000 -70.66 0.00
199 342.2006117 -44.5535665 0.0000 0.0000 -70.66 0.00
199 342.2006117 -44.5535665 1.6250 0.4302 -70.66 0.02
200 342.2041323 -44.5370601 0.0000 0.0000 -58.73 0.00
200 342.204132 -44.537060 0.0000 0.0000 -58.73 0.00
200 342.2041323 -44.5370601 0.0000 0.0000 -58.73 0.00
200 342.2041323 -44.5370601 0.6115 0.5621 -58.73 0.02
201 342.1675276 -44.5596793 0.0000 0.0000 22.21 0.00
201 342.167528 -44.559679 0.0000 0.0000 22.21 0.00
201 342.1675276 -44.5596793 0.0000 0.0000 22.21 0.00
201 342.1675276 -44.5596793 1.3941 0.4330 22.21 0.02
202 342.1797267 -44.5136679 0.0000 0.0000 -77.12 0.00
202 342.179727 -44.513668 0.0000 0.0000 -77.12 0.00
202 342.1797267 -44.5136679 0.0000 0.0000 -77.12 0.00
202 342.1797267 -44.5136679 0.6033 0.5607 -77.12 0.02
203 342.1637456 -44.5283193 0.0000 0.0000 59.88 0.00
203 342.163746 -44.528319 0.0000 0.0000 59.88 0.00
203 342.1637456 -44.5283193 0.0000 0.0000 59.88 0.00
203 342.1637456 -44.5283193 1.0154 0.4465 59.88 0.02
204 342.1855455 -44.5331946 0.0000 0.0000 26.95 0.00
204 342.185545 -44.533195 0.0000 0.0000 26.95 0.00
204 342.1855455 -44.5331946 0.0000 0.0000 26.95 0.00
204 342.1855455 -44.5331946 0.5976 0.5571 26.95 0.02
205 342.1832130 -44.5438373 0.0000 0.0000 -50.95 0.00
205 342.183213 -44.543837 0.0000 0.0000 -50.95 0.00
205 342.1832130 -44.5438373 0.0000 0.0000 -50.95 0.00
205 342.1832130 -44.5438373 0.8149 0.4686 -50.95 0.02
206 342.1890185 -44.5192379 0.0000 0.0000 -0.55 0.00
206 342.189019 -44.519238 0.0000 0.0000 -0.55 0.00
206 342.1890185 -44.5192379 0.0000 0.0000 -0.55 0.00
206 342.1890185 -44.5192379 0.9770 0.4461 -0.55 0.02
207 342.1954467 -44.5324659 0.0000 0.0000 58.26 0.00
207 342.195447 -44.532466 0.0000 0.0000 58.26 0.00
207 342.1954467 -44.5324659 0.0000 0.0000 58.26 0.00
207 342.1954467 -44.5324659 0.6096 0.5376 58.26 0.02
208 342.1982266 -44.5274182 0.0000 0.0000 -14.61 0.00
208 342.198227 -44.527418 0.0000 0.0000 -14.61 0.00
208 342.1982266 -44.5274182 0.0000 0.0000 -14.61 0.00
208 342.1982266 -44.5274182 0.5965 0.5467 -14.61 0.02
209 342.1443620 -44.5209201 0.0000 0.0000 40.74 0.00
209 342.144362 -44.520920 0.0000 0.0000 40.74 0.00
209 342.1443620 -44.5209201 0.0000 0.0000 40.74 0.00
209 342.1443620 -44.5209201 0.6360 0.5188 40.74 0.01
210 342.1439957 -44.5411929 0.0000 0.0000 -40.30 0.00
210 342.143996 -44.541193 0.0000 0.0000 -40.30 0.00
210 342.1439957 -44.5411929 0.0000 0.0000 -40.30 0.00
210 342.1439957 -44.5411929 0.8095 0.4593 -40.30 0.01
211 342.2048968 -44.5570237 0.0000 0.0000 20.19 0.00
211 342.204897 -44.557024 0.0000 0.0000 20.19 0.00
211 342.2048968 -44.5570237 0.0000 0.0000 20.19 0.00
211 342.2048968 -44.5570237 0.5784 0.5436 20.19 0.01
212 342.1853479 -44.5128479 0.0000 0.0000 53.45 0.00
212 342.185348 -44.512848 0.0000 0.0000 53.45 0.00
212 342.1853479 -44.5128479 0.0000 0.0000 53.45 0.00
212 342.1853479 -44.5128479 0.5832 0.5361 53.45 0.01
213 342.1501726 -44.5436268 0.0000 0.0000 -3.87 0.00
213 342.150173 -44.543627 0.0000 0.0000 -3.87 0.00
213 342.1501726 -44.5436268 0.0000 0.0000 -3.87 0.00
213 342.1501726 -44.5436268 0.6098 0.5168 -3.87 0.01
214 342.2176842 -44.5407096 0.0000 0.0000 -31.82 0.00
214 342.217684 -44.540710 0.0000 0.0000 -31.82 0.00
214 342.2176842 -44.5407096 0.0000 0.0000 -31.82 0.00
214 342.2176842 -44.5407096 0.7357 0.4662 -31.82 0.01
215 342.2017573 -44.5632904 0.0000 0.0000 -86.55 0.00
215 342.201757 -44.563290 0.0000 0.0000 -86.55 0.00
215 342.2017573 -44.5632904 0.0000 0.0000 -86.55 0.00
215 342.2017573 -44.5632904 0.7013 0.4756 -86.55 0.01
216 342.1467930 -44.5504151 0.0000 0.0000 -65.27 0.00
216 342.146793 -44.550415 0.0000 0.0000 -65.27 0.00
216 342.1467930 -44.5504151 0.0000 0.0000 -65.27 0.00
216 342.1467930 -44.5504151 0.5962 0.5237 -65.27 0.01
217 342.1721564 -44.5475818 0.0000 0.0000 -3.68 0.00
217 342.172156 -44.547582 0.0000 0.0000 -3.68 0.00
217 342.1721564 -44.5475818 0.0000 0.0000 -3.68 0.00
217 342.1721564 -44.5475818 1.0743 0.4226 -3.68 0.01
218 342.1803634 -44.5126243 0.0000 0.0000 65.03 0.00
218 342.180363 -44.512624 0.0000 0.0000 65.03 0.00
218 342.1803634 -44.5126243 0.0000 0.0000 65.03 0.00
218 342.1803634 -44.5126243 0.6475 0.4904 65.03 0.01
219 342.1900328 -44.5241229 0.0000 0.0000 -53.58 0.00
219 342.190033 -44.524123 0.0000 0.0000 -53.58 0.00
219 342.1900328 -44.5241229 0.0000 0.0000 -53.58 0.00
219 342.1900328 -44.5241229 0.5687 0.5355 -53.58 0.01
220 342.1582564 -44.5427834 0.0000 0.0000 -51.49 0.00
220 342.158256 -44.542783 0.0000 0.0000 -51.49 0.00
220 342.1582564 -44.5427834 0.0000 0.0000 -51.49 0.00
220 342.1582564 -44.5427834 0.5736 0.5262 -51.49 0.01
221 342.2156572 -44.5408157 0.0000 0.0000 -13.79 0.00
221 342.215657 -44.540816 0.0000 0.0000 -13.79 0.00
221 342.2156572 -44.5408157 0.0000 0.0000 -13.79 0.00
221 342.2156572 -44.5408157 0.6022 0.5067 -13.79 0.01
222 342.2149196 -44.5196629 0.0000 0.0000 52.85 0.00
222 342.214920 -44.519663 0.0000 0.0000 52.85 0.00
222 342.2149196 -44.5196629 0.0000 0.0000 52.85 0.00
222 342.2149196 -44.5196629 0.5870 0.5156 52.85 0.01
223 342.1815187 -44.5011015 0.0000 0.0000 88.13 0.00
223 342.181519 -44.501102 0.0000 0.0000 88.13 0.00
223 342.1815187 -44.5011015 0.0000 0.0000 88.13 0.00
223 342.1815187 -44.5011015 0.9155 0.4260 88.13 0.01
224 342.1887734 -44.5379123 0.0000 0.0000 -11.89 0.00
224 342.188773 -44.537912 0.0000 0.0000 -11.89 0.00
224 342.1887734 -44.5379123 0.0000 0.0000 -11.89 0.00
224 342.1887734 -44.5379123 0.6262 0.4902 -11.89 0.01
225 342.1664120 -44.5272398 0.0000 0.0000 88.81 0.00
225 342.166412 -44.527240 0.0000 0.0000 88.81 0.00
225 342.1664120 -44.5272398 0.0000 0.0000 88.81 0.00
225 342.1664120 -44.5272398 0.5772 0.5127 88.81 0.01
226 342.1940903 -44.5149393 0.0000 0.0000 -14.79 0.00
226 342.194090 -44.514939 0.0000 0.0000 -14.79 0.00
226 342.1940903 -44.5149393 0.0000 0.0000 -14.79 0.00
226 342.1940903 -44.5149393 0.6442 0.4680 -14.79 0.01
227 342.1758870 -44.5159004 0.0000 0.0000 84.72 0.00
227 342.175887 -44.515900 0.0000 0.0000 84.72 0.00
227 342.1758870 -44.5159004 0.0000 0.0000 84.72 0.00
227 342.1758870 -44.5159004 0.5743 0.5029 84.72 0.01
228 342.1546720 -44.5420996 0.0000 0.0000 -84.77 0.00
228 342.154672 -44.542100 0.0000 0.0000 -84.77 0.00
228 342.1546720 -44.5420996 0.0000 0.0000 -84.77 0.00
228 342.1546720 -44.5420996 0.6420 0.4665 -84.77 0.01
229 342.1953057 -44.5349204 0.0000 0.0000 -57.84 0.00
229 342.195306 -44.534920 0.0000 0.0000 -57.84 0.00
229 342.1953057 -44.5349204 0.0000 0.0000 -57.84 0.00
229 342.1953057 -44.5349204 0.5532 0.5116 -57.84 0.01
230 342.1820004 -44.5385676 0.0000 0.0000 22.78 0.00
230 342.182000 -44.538568 0.0000 0.0000 22.78 0.00
230 342.1820004 -44.5385676 0.0000 0.0000 22.78 0.00
230 342.1820004 -44.5385676 0.6884 0.4469 22.78 0.01
231 342.1819626 -44.5152132 0.0000 0.0000 -44.78 0.00
231 342.181963 -44.515213 0.0000 0.0000 -44.78 0.00
231 342.1819626 -44.5152132 0.0000 0.0000 -44.78 0.00
231 342.1819626 -44.5152132 0.5801 0.4841 -44.78 0.01
232 342.1690126 -44.5403390 0.0000 0.0000 84.99 0.00
232 342.169013 -44.540339 0.0000 0.0000 84.99 0.00
232 342.1690126 -44.5403390 0.0000 0.0000 84.99 0.00
232 342.1690126 -44.5403390 0.5486 0.5038 84.99 0.01
233 342.1967061 -44.5291018 0.0000 0.0000 65.91 0.00
233 342.196706 -44.529102 0.0000 0.0000 65.91 0.00
233 342.1967061 -44.5291018 0.0000 0.0000 65.91 0.00
233 342.1967061 -44.5291018 0.5717 0.4825 65.91 0.01
234 342.1727097 -44.5214079 0.0000 0.0000 73.10 0.00
234 342.172710 -44.521408 0.0000 0.0000 73.10 0.00
234 342.1727097 -44.5214079 0.0000 0.0000 73.10 0.00
234 342.1727097 -44.5214079 0.7645 0.4166 73.10 0.01
235 342.1829437 -44.5249265 0.0000 0.0000 -79.23 0.00
235 342.182944 -44.524926 0.0000 0.0000 -79.23 0.00
235 342.1829437 -44.5249265 0.0000 0.0000 -79.23 0.00
235 342.1829437 -44.5249265 0.5379 0.4934 -79.23 0.01
236 342.1707867 -44.5358312 0.0000 0.0000 -28.12 0.00
236 342.170787 -44.535831 0.0000 0.0000 -28.12 0.00
236 342.1707867 -44.5358312 0.0000 0.0000 -28.12 0.00
236 342.1707867 -44.5358312 0.7025 0.4245 -28.12 0.01
237 342.1794232 -44.5200232 0.0000 0.0000 -30.50 0.00
237 342.179423 -44.520023 0.0000 0.0000 -30.50 0.00
237 342.1794232 -44.5200232 0.0000 0.0000 -30.50 0.00
237 342.1794232 -44.5200232 0.5453 0.4607 -30.50 0.01
238 342.1682684 -44.5261140 0.0000 0.0000 16.54 0.00
238 342.168268 -44.526114 0.0000 0.0000 16.54 0.00
238 342.1682684 -44.5261140 0.0000 0.0000 16.54 0.00
238 342.1682684 -44.5261140 0.5083 0.4753 16.54 0.01
239 342.1853304 -44.5341321 0.0000 0.0000 19.68 0.00
239 342.185330 -44.534132 0.0000 0.0000 19.68 0.00
239 342.1853304 -44.5341321 0.0000 0.0000 19.68 0.00
239 342.1853304 -44.5341321 0.5019 0.4605 19.68 0.01
240 342.1746561 -44.5369237 0.0000 0.0000 30.78 0.00
240 342.174656 -44.536924 0.0000 0.0000 30.78 0.00
240 342.1746561 -44.5369237 0.0000 0.0000 30.78 0.00
240 342.1746561 -44.5369237 0.6158 0.4041 30.78 0.01
241 342.1971172 -44.5246712 0.0000 0.0000 -37.42 0.00
241 342.197117 -44.524671 0.0000 0.0000 -37.42 0.00
241 342.1971172 -44.5246712 0.0000 0.0000 -37.42 0.00
241 342.1971172 -44.5246712 0.6928 0.3851 -37.42 0.01
242 342.1855771 -44.5385826 0.0000 0.0000 77.49 0.00
242 342.185577 -44.538583 0.0000 0.0000 77.49 0.00
242 342.1855771 -44.5385826 0.0000 0.0000 77.49 0.00
242 342.1855771 -44.5385826 0.5405 0.4259 77.49 0.01
243 342.1655107 -44.5191029 0.0000 0.0000 26.42 0.00
243 342.165511 -44.519103 0.0000 0.0000 26.42 0.00
243 342.1655107 -44.5191029 0.0000 0.0000 26.42 0.00
243 342.1655107 -44.5191029 0.5602 0.4057 26.42 0.01
244 342.1811832 -44.5378982 0.0000 0.0000 -65.73 0.00
244 342.181183 -44.537898 0.0000 0.0000 -65.73 0.00
244 342.1811832 -44.5378982 0.0000 0.0000 -65.73 0.00
244 342.1811832 -44.5378982 0.5256 0.4150 -65.73 0.01
245 342.1765506 -44.5323890 0.0000 0.0000 71.46 0.00
245 342.176551 -44.532389 0.0000 0.0000 71.46 0.00
245 342.1765506 -44.5323890 0.0000 0.0000 71.46 0.00
245 342.1765506 -44.5323890 0.4786 0.4426 71.46 0.01
246 342.1776303 -44.5184037 0.0000 0.0000 -26.65 0.00
246 342.177630 -44.518404 0.0000 0.0000 -26.65 0.00
246 342.1776303 -44.5184037 0.0000 0.0000 -26.65 0.00
246 342.1776303 -44.5184037 0.4834 0.4368 -26.65 0.01
247 342.1799866 -44.5356854 0.0000 0.0000 56.87 0.00
247 342.179987 -44.535685 0.0000 0.0000 56.87 0.00
247 342.1799866 -44.5356854 0.0000 0.0000 56.87 0.00
247 342.1799866 -44.5356854 0.4935 0.4295 56.87 0.01
248 342.1891662 -44.5236807 0.0000 0.0000 2.88 0.00
248 342.189166 -44.523681 0.0000 0.0000 2.88 0.00
248 342.1891662 -44.5236807 0.0000 0.0000 2.88 0.00
248 342.1891662 -44.5236807 0.4823 0.4323 2.88 0.01
249 342.1912018 -44.5351246 0.0000 0.0000 64.42 0.00
249 342.191202 -44.535125 0.0000 0.0000 64.42 0.00
249 342.1912018 -44.5351246 0.0000 0.0000 64.42 0.00
249 342.1912018 -44.5351246 0.5729 0.3876 64.42 0.01
250 342.2008560 -44.5272312 0.0000 0.0000 -41.83 0.00
250 342.200856 -44.527231 0.0000 0.0000 -41.83 0.00
250 342.2008560 -44.5272312 0.0000 0.0000 -41.83 0.00
250 342.2008560 -44.5272312 0.5226 0.3932 -41.83 0.01
251 342.1979456 -44.5278376 0.0000 0.0000 82.81 0.00
251 342.197946 -44.527838 0.0000 0.0000 82.81 0.00
251 342.1979456 -44.5278376 0.0000 0.0000 82.81 0.00
251 342.1979456 -44.5278376 0.5400 0.3704 82.81 0.00
252 342.1744523 -44.5393334 0.0000 0.0000 -72.08 0.00
252 342.174452 -44.539333 0.0000 0.0000 -72.08 0.00
252 342.1744523 -44.5393334 0.0000 0.0000 -72.08 0.00
252 342.1744523 -44.5393334 0.4666 0.3942 -72.08 0.00
253 342.1866739 -44.5205846 0.0000 0.0000 85.75 0.00
253 342.186674 -44.520585 0.0000 0.0000 85.75 0.00
253 342.1866739 -44.5205846 0.0000 0.0000 85.75 0.00
253 342.1866739 -44.5205846 0.4510 0.3849 85.75 0.00
254 342.1670133 -44.5268843 0.0000 0.0000 32.07 0.00
254 342.167013 -44.526884 0.0000 0.0000 32.07 0.00
254 342.1670133 -44.5268843 0.0000 0.0000 32.07 0.00
254 342.1670133 -44.5268843 0.4962 0.3573 32.07 0.00
255 342.1797509 -44.5434137 0.0000 0.0000 5.69 0.00
255 342.179751 -44.543414 0.0000 0.0000 5.69 0.00
255 342.1797509 -44.5434137 0.0000 0.0000 5.69 0.00
255 342.1797509 -44.5434137 0.4137 0.4023 5.69 0.00
256 342.1920906 -44.5228232 0.0000 0.0000 22.37 0.00
256 342.192091 -44.522823 0.0000 0.0000 22.37 0.00
256 342.1920906 -44.5228232 0.0000 0.0000 22.37 0.00
256 342.1920906 -44.5228232 0.4813 0.3582 22.37 0.00
257 342.1849197 -44.5386654 0.0000 0.0000 -55.69 0.00
257 342.184920 -44.538665 0.0000 0.0000 -55.69 0.00
257 342.1849197 -44.5386654 0.0000 0.0000 -55.69 0.00
257 342.1849197 -44.5386654 0.4140 0.3581 -55.69 0.00
258 342.1910974 -44.5329432 0.0000 0.0000 -43.04 0.00
258 342.191097 -44.532943 0.0000 0.0000 -43.04 0.00
258 342.1910974 -44.5329432 0.0000 0.0000 -43.04 0.00
258 342.1910974 -44.5329432 0.4173 0.3507 -43.04 0.00
259 342.1957842 -44.5241573 0.0000 0.0000 57.22 0.00
259 342.195784 -44.524157 0.0000 0.0000 57.22 0.00
259 342.1957842 -44.5241573 0.0000 0.0000 57.22 0.00
259 342.1957842 -44.5241573 0.5166 0.3134 57.22 0.00
260 342.1932744 -44.5241326 0.0000 0.0000 7.23 0.00
260 342.193274 -44.524133 0.0000 0.0000 7.23 0.00
260 342.1932744 -44.5241326 0.0000 0.0000 7.23 0.00
260 342.1932744 -44.5241326 0.4315 0.3346 7.23 0.00
261 342.1645631 -44.5288407 0.0000 0.0000 35.71 0.00
261 342.164563 -44.528841 0.0000 0.0000 35.71 0.00
261 342.1645631 -44.5288407 0.0000 0.0000 35.71 0.00
261 342.1645631 -44.5288407 0.3871 0.3267 35.71 0.00
262 342.1951853 -44.5292493 0.0000 0.0000 -2.07 0.00
262 342.195185 -44.529249 0.0000 0.0000 -2.07 0.00
262 342.1951853 -44.5292493 0.0000 0.0000 -2.07 0.00
262 342.1951853 -44.5292493 0.4270 0.2899 -2.07 0.00
263 342.1958984 -44.5236815 0.0000 0.0000 22.49 0.00
263 342.195898 -44.523682 0.0000 0.0000 22.49 0.00
263 342.1958984 -44.5236815 0.0000 0.0000 22.49 0.00
263 342.1958984 -44.5236815 0.3315 0.3204 22.49 0.00
