#REFERENCE 0 73.5287530 -10.2236050
1 73.5290968 -10.2239465 0.0000 0.0000 53.78 0.00
1 73.529097 -10.223946 0.0000 0.0000 53.78 0.00
1 73.5290968 -10.2239465 0.0000 0.0000 53.78 0.00
1 73.5290968 -10.2239465 7.6598 2.9568 53.78 377.53
2 73.5287528 -10.2236052 0.0000 0.0000 47.60 0.00
2 73.528753 -10.223605 0.0000 0.0000 47.60 0.00
2 73.5287528 -10.2236052 0.0000 0.0000 47.60 0.00
2 73.5287528 -10.2236052 0.2352 0.1845 47.60 0.03
3 73.5281699 -10.2217194 0.0000 0.0000 58.00 0.00
3 73.528170 -10.221719 0.0000 0.0000 58.00 0.00
3 73.5281699 -10.2217194 0.0000 0.0000 58.00 0.00
3 73.5281699 -10.2217194 1.3130 1.1564 58.00 0.07
4 73.5259032 -10.2221465 0.0000 0.0000 50.30 0.00
4 73.525903 -10.222146 0.0000 0.0000 50.30 0.00
4 73.5259032 -10.2221465 0.0000 0.0000 50.30 0.00
4 73.5259032 -10.2221465 2.1515 1.2935 50.30 0.93
5 73.5361161 -10.2397096 0.0000 0.0000 52.80 0.00
5 73.536116 -10.239710 0.0000 0.0000 52.80 0.00
5 73.5361161 -10.2397096 0.0000 0.0000 52.80 0.00
5 73.5361161 -10.2397096 2.5036 1.5108 52.80 1.73
6 73.5389943 -10.2529227 0.0000 0.0000 -2.90 0.00
6 73.538994 -10.252923 0.0000 0.0000 -2.90 0.00
6 73.5389943 -10.2529227 0.0000 0.0000 -2.90 0.00
6 73.5389943 -10.2529227 1.6787 1.5261 -2.90 1.01
7 73.5481958 -10.2389808 0.0000 0.0000 -61.20 0.00
7 73.548196 -10.238981 0.0000 0.0000 -61.20 0.00
7 73.5481958 -10.2389808 0.0000 0.0000 -61.20 0.00
7 73.5481958 -10.2389808 2.0159 1.3014 -61.20 0.88
8 73.5149323 -10.2165150 0.0000 0.0000 50.00 0.00
8 73.514932 -10.216515 0.0000 0.0000 50.00 0.00
8 73.5149323 -10.2165150 0.0000 0.0000 50.00 0.00
8 73.5149323 -10.2165150 1.5007 1.5007 50.00 0.78
9 73.5287061 -10.2331634 0.0000 0.0000 25.40 0.00
9 73.528706 -10.233163 0.0000 0.0000 25.40 0.00
9 73.5287061 -10.2331634 0.0000 0.0000 25.40 0.00
9 73.5287061 -10.2331634 1.9389 1.2637 25.40 0.78
10 73.4997565 -10.2169640 0.0000 0.0000 50.00 0.00
10 73.499757 -10.216964 0.0000 0.0000 50.00 0.00
10 73.4997565 -10.2169640 0.0000 0.0000 50.00 0.00
10 73.4997565 -10.2169640 1.4037 1.4037 50.00 0.60
11 73.4948893 -10.2237490 0.0000 0.0000 50.00 0.00
11 73.494889 -10.223749 0.0000 0.0000 50.00 0.00
11 73.4948893 -10.2237490 0.0000 0.0000 50.00 0.00
11 73.4948893 -10.2237490 1.3222 1.3222 50.00 0.47
12 73.5391452 -10.2466160 0.0000 0.0000 59.20 0.00
12 73.539145 -10.246616 0.0000 0.0000 59.20 0.00
12 73.5391452 -10.2466160 0.0000 0.0000 59.20 0.00
12 73.5391452 -10.2466160 1.4489 1.2142 59.20 0.46
13 73.5356515 -10.2536111 0.0000 0.0000 -55.50 0.00
13 73.535651 -10.253611 0.0000 0.0000 -55.50 0.00
13 73.5356515 -10.2536111 0.0000 0.0000 -55.50 0.00
13 73.5356515 -10.2536111 1.3812 1.2034 -55.50 0.42
14 73.5359488 -10.2538597 0.0000 0.0000 -44.00 0.00
14 73.535949 -10.253860 0.0000 0.0000 -44.00 0.00
14 73.5359488 -10.2538597 0.0000 0.0000 -44.00 0.00
14 73.5359488 -10.2538597 1.9116 1.0309 -44.00 0.42
15 73.5323845 -10.2291019 0.0000 0.0000 26.70 0.00
15 73.532385 -10.229102 0.0000 0.0000 26.70 0.00
15 73.5323845 -10.2291019 0.0000 0.0000 26.70 0.00
15 73.5323845 -10.2291019 1.3044 1.2518 26.70 0.41
16 73.5570305 -10.2398850 0.0000 0.0000 50.00 0.00
16 73.557031 -10.239885 0.0000 0.0000 50.00 0.00
16 73.5570305 -10.2398850 0.0000 0.0000 50.00 0.00
16 73.5570305 -10.2398850 1.2453 1.2453 50.00 0.37
17 73.5391468 -10.2362963 0.0000 0.0000 -71.00 0.00
17 73.539147 -10.236296 0.0000 0.0000 -71.00 0.00
17 73.5391468 -10.2362963 0.0000 0.0000 -71.00 0.00
17 73.5391468 -10.2362963 1.5652 1.0405 -71.00 0.35
18 73.5412469 -10.2370616 0.0000 0.0000 32.00 0.00
18 73.541247 -10.237062 0.0000 0.0000 32.00 0.00
18 73.5412469 -10.2370616 0.0000 0.0000 32.00 0.00
18 73.5412469 -10.2370616 1.2873 1.1428 32.00 0.33
19 73.5168978 -10.2449310 0.0000 0.0000 50.00 0.00
19 73.516898 -10.244931 0.0000 0.0000 50.00 0.00
19 73.5168978 -10.2449310 0.0000 0.0000 50.00 0.00
19 73.5168978 -10.2449310 1.2058 1.2058 50.00 0.33
20 73.5044783 -10.2186540 0.0000 0.0000 50.00 0.00
20 73.504478 -10.218654 0.0000 0.0000 50.00 0.00
20 73.5044783 -10.2186540 0.0000 0.0000 50.00 0.00
20 73.5044783 -10.2186540 1.1975 1.1975 50.00 0.32
21 73.5073157 -10.2094820 0.0000 0.0000 50.00 0.00
21 73.507316 -10.209482 0.0000 0.0000 50.00 0.00
21 73.5073157 -10.2094820 0.0000 0.0000 50.00 0.00
21 73.5073157 -10.2094820 1.1784 1.1784 50.00 0.30
22 73.5293524 -10.2019480 0.0000 0.0000 50.00 0.00
22 73.529352 -10.201948 0.0000 0.0000 50.00 0.00
22 73.5293524 -10.2019480 0.0000 0.0000 50.00 0.00
22 73.5293524 -10.2019480 1.1730 1.1730 50.00 0.29
23 73.4979012 -10.2164760 0.0000 0.0000 50.00 0.00
23 73.497901 -10.216476 0.0000 0.0000 50.00 0.00
23 73.4979012 -10.2164760 0.0000 0.0000 50.00 0.00
23 73.4979012 -10.2164760 1.1595 1.1595 50.00 0.28
24 73.5453271 -10.2411909 0.0000 0.0000 42.00 0.00
24 73.545327 -10.241191 0.0000 0.0000 42.00 0.00
24 73.5453271 -10.2411909 0.0000 0.0000 42.00 0.00
24 73.5453271 -10.2411909 1.3320 1.0327 42.00 0.27
25 73.5249837 -10.2166485 0.0000 0.0000 63.50 0.00
25 73.524984 -10.216648 0.0000 0.0000 63.50 0.00
25 73.5249837 -10.2166485 0.0000 0.0000 63.50 0.00
25 73.5249837 -10.2166485 1.2712 1.0321 63.50 0.25
26 73.5011757 -10.2346430 0.0000 0.0000 50.00 0.00
26 73.501176 -10.234643 0.0000 0.0000 50.00 0.00
26 73.5011757 -10.2346430 0.0000 0.0000 50.00 0.00
26 73.5011757 -10.2346430 1.1305 1.1305 50.00 0.25
27 73.5066247 -10.2352950 0.0000 0.0000 50.00 0.00
27 73.506625 -10.235295 0.0000 0.0000 50.00 0.00
27 73.5066247 -10.2352950 0.0000 0.0000 50.00 0.00
27 73.5066247 -10.2352950 1.1176 1.1176 50.00 0.24
28 73.5368022 -10.2427698 0.0000 0.0000 66.80 0.00
28 73.536802 -10.242770 0.0000 0.0000 66.80 0.00
28 73.5368022 -10.2427698 0.0000 0.0000 66.80 0.00
28 73.5368022 -10.2427698 1.1720 1.0567 66.80 0.23
29 73.5351365 -10.2115200 0.0000 0.0000 50.00 0.00
29 73.535136 -10.211520 0.0000 0.0000 50.00 0.00
29 73.5351365 -10.2115200 0.0000 0.0000 50.00 0.00
29 73.5351365 -10.2115200 1.0648 1.0648 50.00 0.20
30 73.5488439 -10.2431143 0.0000 0.0000 -38.40 0.00
30 73.548844 -10.243114 0.0000 0.0000 -38.40 0.00
30 73.5488439 -10.2431143 0.0000 0.0000 -38.40 0.00
30 73.5488439 -10.2431143 1.3490 0.8984 -38.40 0.19
31 73.5250802 -10.2212341 0.0000 0.0000 -31.10 0.00
31 73.525080 -10.221234 0.0000 0.0000 -31.10 0.00
31 73.5250802 -10.2212341 0.0000 0.0000 -31.10 0.00
31 73.5250802 -10.2212341 1.1458 0.9869 -31.10 0.19
32 73.5572116 -10.2082190 0.0000 0.0000 50.00 0.00
32 73.557212 -10.208219 0.0000 0.0000 50.00 0.00
32 73.5572116 -10.2082190 0.0000 0.0000 50.00 0.00
32 73.5572116 -10.2082190 1.0478 1.0478 50.00 0.19
33 73.5241987 -10.1948210 0.0000 0.0000 50.00 0.00
33 73.524199 -10.194821 0.0000 0.0000 50.00 0.00
33 73.5241987 -10.1948210 0.0000 0.0000 50.00 0.00
33 73.5241987 -10.1948210 1.0311 1.0311 50.00 0.17
34 73.5342920 -10.2147597 0.0000 0.0000 33.70 0.00
34 73.534292 -10.214760 0.0000 0.0000 33.70 0.00
34 73.5342920 -10.2147597 0.0000 0.0000 33.70 0.00
34 73.5342920 -10.2147597 1.5164 0.8167 33.70 0.17
35 73.5372296 -10.2494052 0.0000 0.0000 -39.40 0.00
35 73.537230 -10.249405 0.0000 0.0000 -39.40 0.00
35 73.5372296 -10.2494052 0.0000 0.0000 -39.40 0.00
35 73.5372296 -10.2494052 1.2641 0.8684 -39.40 0.16
36 73.5286094 -10.2228364 0.0000 0.0000 -43.70 0.00
36 73.528609 -10.222836 0.0000 0.0000 -43.70 0.00
36 73.5286094 -10.2228364 0.0000 0.0000 -43.70 0.00
36 73.5286094 -10.2228364 1.0693 0.9555 -43.70 0.16
37 73.5433917 -10.2460896 0.0000 0.0000 -32.70 0.00
37 73.543392 -10.246090 0.0000 0.0000 -32.70 0.00
37 73.5433917 -10.2460896 0.0000 0.0000 -32.70 0.00
37 73.5433917 -10.2460896 1.2414 0.8495 -32.70 0.15
38 73.5447790 -10.1970880 0.0000 0.0000 50.00 0.00
38 73.544779 -10.197088 0.0000 0.0000 50.00 0.00
38 73.5447790 -10.1970880 0.0000 0.0000 50.00 0.00
38 73.5447790 -10.1970880 0.9892 0.9892 50.00 0.15
39 73.5093391 -10.2136100 0.0000 0.0000 50.00 0.00
39 73.509339 -10.213610 0.0000 0.0000 50.00 0.00
39 73.5093391 -10.2136100 0.0000 0.0000 50.00 0.00
39 73.5093391 -10.2136100 0.9824 0.9824 50.00 0.14
40 73.4972702 -10.2357620 0.0000 0.0000 50.00 0.00
40 73.497270 -10.235762 0.0000 0.0000 50.00 0.00
40 73.4972702 -10.2357620 0.0000 0.0000 50.00 0.00
40 73.4972702 -10.2357620 0.9801 0.9801 50.00 0.14
41 73.5324256 -10.1961550 0.0000 0.0000 50.00 0.00
41 73.532426 -10.196155 0.0000 0.0000 50.00 0.00
41 73.5324256 -10.1961550 0.0000 0.0000 50.00 0.00
41 73.5324256 -10.1961550 0.9779 0.9779 50.00 0.14
42 73.5391167 -10.1925920 0.0000 0.0000 50.00 0.00
42 73.539117 -10.192592 0.0000 0.0000 50.00 0.00
42 73.5391167 -10.1925920 0.0000 0.0000 50.00 0.00
42 73.5391167 -10.1925920 0.9711 0.9711 50.00 0.14
43 73.5592289 -10.2287040 0.0000 0.0000 50.00 0.00
43 73.559229 -10.228704 0.0000 0.0000 50.00 0.00
43 73.5592289 -10.2287040 0.0000 0.0000 50.00 0.00
43 73.5592289 -10.2287040 0.9645 0.9645 50.00 0.13
44 73.5517061 -10.2369888 0.0000 0.0000 10.90 0.00
44 73.551706 -10.236989 0.0000 0.0000 10.90 0.00
44 73.5517061 -10.2369888 0.0000 0.0000 10.90 0.00
44 73.5517061 -10.2369888 0.9526 0.9082 10.90 0.12
45 73.5109579 -10.2170610 0.0000 0.0000 50.00 0.00
45 73.510958 -10.217061 0.0000 0.0000 50.00 0.00
45 73.5109579 -10.2170610 0.0000 0.0000 50.00 0.00
45 73.5109579 -10.2170610 0.9189 0.9189 50.00 0.11
46 73.5166201 -10.2102090 0.0000 0.0000 50.00 0.00
46 73.516620 -10.210209 0.0000 0.0000 50.00 0.00
46 73.5166201 -10.2102090 0.0000 0.0000 50.00 0.00
46 73.5166201 -10.2102090 0.9105 0.9105 50.00 0.11
47 73.5284100 -10.2225535 0.0000 0.0000 -52.40 0.00
47 73.528410 -10.222553 0.0000 0.0000 -52.40 0.00
47 73.5284100 -10.2225535 0.0000 0.0000 -52.40 0.00
47 73.5284100 -10.2225535 0.9410 0.7869 -52.40 0.08
48 73.5588908 -10.2353330 0.0000 0.0000 50.00 0.00
48 73.558891 -10.235333 0.0000 0.0000 50.00 0.00
48 73.5588908 -10.2353330 0.0000 0.0000 50.00 0.00
48 73.5588908 -10.2353330 0.8439 0.8439 50.00 0.08
49 73.5308398 -10.2259523 0.0000 0.0000 67.70 0.00
49 73.530840 -10.225952 0.0000 0.0000 67.70 0.00
49 73.5308398 -10.2259523 0.0000 0.0000 67.70 0.00
49 73.5308398 -10.2259523 0.9240 0.7376 67.70 0.07
50 73.5294216 -10.2236778 0.0000 0.0000 -66.30 0.00
50 73.529422 -10.223678 0.0000 0.0000 -66.30 0.00
50 73.5294216 -10.2236778 0.0000 0.0000 -66.30 0.00
50 73.5294216 -10.2236778 0.7580 0.7331 -66.30 0.05
51 73.5288864 -10.2220858 0.0000 0.0000 -45.80 0.00
51 73.528886 -10.222086 0.0000 0.0000 -45.80 0.00
51 73.5288864 -10.2220858 0.0000 0.0000 -45.80 0.00
51 73.5288864 -10.2220858 0.7152 0.6628 -45.80 0.03
52 73.5281135 -10.2241145 0.0000 0.0000 -28.20 0.00
52 73.528113 -10.224114 0.0000 0.0000 -28.20 0.00
52 73.5281135 -10.2241145 0.0000 0.0000 -28.20 0.00
52 73.5281135 -10.2241145 0.5965 0.5694 -28.20 0.02
